0.01026273
0.04795048
0.03165367
0.07183548
0.02202697
0.08586053
0.13140604
0.16553794
0.19206885
0.21328342
0.23063409
0.24508837
0.25731567
0.26779380
0.27687305
0.28481606
0.29182357
0.29805160
0.30362341
0.30863750
0.31317362
0.31729701
0.32106155
0.32451212
0.32768646
0.33061641
0.33332920
0.33584806
0.33819312
0.34038171
0.34242904
0.34073946
0.19854976
0.06435304
0.06250626
0.18261391
0.29649493
0.40462130
0.50741845
0.60527092
0.69852710
0.78750336
0.87248772
0.95374298
1.03150928
1.10600674
1.17743695
1.24598575
1.31182396
1.37510931
1.43598735
1.49459291
1.55105090
1.60547733
1.65797973
1.70865858
1.75760710
1.80491245
1.85065603
1.89491391
1.93775725
1.97925293
2.01946354
2.05844784
2.09626079
2.13295507
2.16857886
2.20317888
2.23679829
2.26947856
2.30125809
2.33217382
2.36226058
2.39155102
2.42007661
2.44786668
2.47494936
2.50135159
2.52709842
2.55221415
2.57672143
2.60064244
2.62399769
2.64680696
2.66908956
2.69086313
2.71214533
2.73295212
2.75329971
2.77320266
2.79267573
2.81173277
2.83038664
2.84865046
2.86653566
2.88405466
2.90121794
2.91803670
2.93452096
2.95068049
2.96652508
2.98206377
2.99730539
3.01225805
3.02693033
3.04132962
3.05546379
3.06933999
3.08296514
3.09634614
3.10948944
3.12240148
3.13508773
3.14755464
3.15980792
3.17185235
3.18369389
3.19533730
3.20678759
3.21804953
3.22912788
3.24002671
3.25075054
3.26130366
3.27169013
3.28191376
3.29197812
3.30188751
3.31164479
3.32125401
3.33071804
3.34004068
3.29380250
3.15117145
3.01103806
2.87333727
2.73800659
2.60498500
2.47421408
2.34563708
2.21919942
2.09484792
1.97253144
1.85220051
1.73380721
1.61730492
1.50264895
1.38979554
1.27870262
1.16932917
1.06163585
0.95558399
0.85113645
0.74825710
0.64691085
0.54706371
0.44868264
0.35173562
0.25619149
0.16202004
0.06919189
0.02232150
0.11254787
0.20151417
0.28924662
0.37577072
0.46111122
0.54529232
0.62833738
0.71026939
0.79111040
0.87088221
0.94960582
1.02730179
1.10399008
1.17969012
1.25442100
1.32820117
1.40104866
1.47298098
1.54401529
1.61416841
1.68345654
1.75189555
1.81950104
1.88628817
1.95227158
2.01746583
2.08188462
2.14554238
2.20845199
2.27062678
2.33207941
2.39282250
2.45286822
2.51222849
2.57091498
2.62893915
2.68631220
2.74304485
2.79914808
2.85463190
2.90950680
2.96378255
3.01746917
3.07057595
3.12311244
3.17508745
3.22651029
3.27738953
3.32773399
3.37755156
3.42685103
3.47563982
3.52392650
3.57171845
3.61902308
3.66584802
3.71220064
3.75808764
3.80351639
3.84849358
3.89302588
3.93711996
3.98078203
4.02401876
4.06683588
4.10924006
4.15123653
4.19283199
4.23403120
4.27484083
4.31526518
4.35531092
4.39498234
4.43428564
4.47322464
4.51180553
4.55003309
4.58791113
4.62544584
4.66264057
4.69950104
4.73603106
4.69956827
4.59448385
4.49002075
4.38617373
4.28293800
4.18030691
4.07827663
3.97684073
3.87599468
3.77573299
3.67605090
3.57694316
3.47840476
3.38043118
3.28301740
3.18615842
3.08984971
2.99408674
2.89886451
2.80417895
2.71002483
2.61639833
2.52329493
2.43070984
2.33863926
2.24707866
2.15602374
2.06547046
1.97541463
1.88585222
1.79677916
1.70819139
1.62008500
1.53245604
1.44530070
1.35861516
1.27239561
1.18663824
1.10133946
1.01649547
0.93210280
0.84815770
0.76465672
0.68159628
0.59897292
0.51678324
0.43502381
0.35369128
0.27278227
0.19229349
0.11222170
0.03256366
0.04668383
0.12552394
0.20395981
0.28199452
0.35963115
0.43687275
0.51372230
0.59018284
0.66625720
0.74194843
0.81725937
0.89219278
0.96675164
1.04093874
1.11475670
1.18820846
1.26129651
1.33402383
1.40639281
1.47840631
1.55006683
1.62137699
1.69233930
1.76295638
1.83323073
1.90316474
1.97276103
2.04202199
2.11094999
2.17954731
2.24781656
2.31575990
2.38337994
2.45067859
2.51765847
2.58432174
2.65067053
2.71670699
2.78243375
2.84785247
2.91296554
2.97777510
3.04228330
3.10649228
3.17040396
3.23402047
3.29734397
3.36037612
3.42311931
3.48557544
3.54774642
3.60963416
3.67124057
3.73256779
3.79361725
3.85439134
3.91489172
3.97512007
4.03507853
4.09476852
4.15419245
4.21335173
4.27224779
4.33088255
4.38925838
4.44737625
4.50523806
4.56284571
4.62020063
4.67730474
4.73415947
4.79076624
4.84712744
4.90324354
4.95911741
5.01474953
5.07014179
5.12529612
5.18021345
5.23489571
5.28934431
5.34356117
5.39754677
5.45130348
5.50483227
5.55813503
5.61121273
5.66406679
5.71669912
5.76911068
5.82130289
5.87327719
5.92503500
5.97657776
6.02790642
6.07902288
6.12992811
6.18062305
6.23110962
6.28138924
6.33146238
6.38133097
6.43099546
