2570.97
222.262
125.594
87.0151
73.6005
329.381
167.816
33.6407
20.8966
24.516
32.096
36.3198
5.45823
8.16931
8.97428
9.69104
29.1748
9.25495
15.7472
4.59719
4.00565
5.07005
6.43657
1.51147
0.803127
5.57074
4.83693
1.42386
0.334036
6.7972
2.10909
1.71542
5.1707
2.49969
0.849225
1.78078
2.76991
0.628699
4.69486
3.62527
2.5496
2.37057
1.35554
1.89906
1.843
4.30027
3.19211
2.73721
2.40246
1.56102
2.45475
2.18934
1.98364
2.21442
2.41767
2.3633
1.33747
2.53171
0.596692
0.907502
1.7247
2.4919
1.53331
1.28258
1.05999
1.28258
1.53331
2.4919
1.7247
0.907502
0.596692
2.53171
1.33747
2.3633
2.41767
2.21442
1.98364
2.18934
2.45475
1.56102
2.40246
2.73721
3.19211
4.30027
1.843
1.89906
1.35554
2.37057
2.5496
3.62527
4.69486
0.628699
2.76991
1.78078
0.849225
2.49969
5.1707
1.71542
2.10909
6.7972
0.334036
1.42386
4.83693
5.57074
0.803127
1.51147
6.43657
5.07005
4.00565
4.59719
15.7472
9.25495
29.1748
9.69104
8.97428
8.16931
5.45823
36.3198
32.096
24.516
20.8966
33.6407
167.816
329.381
73.6005
87.0151
125.594
222.262
