9.946629
9.896628
9.926628
9.956628
10.036628
10.066628
10.626628
11.846628
13.766628
15.996628
18.396627
20.746628
22.416628
23.506628
23.716629
23.936628
23.596628
22.826628
22.13663
21.056627
19.226627
17.696629
16.866629
16.156628
15.686628
15.286628
14.916628
14.586628
14.306628
14.066628
14.326628
15.166628
16.88663
20.296629
23.286629
25.716629
27.396627
28.586628
29.286629
29.63663
29.356628
28.616629
27.246628
25.13663
22.13663
19.456629
17.486628
16.216629
15.666628
15.306628
14.876628
14.486629
14.206628
13.936628
14.446629
16.856628
19.246628
21.446629
23.536629
25.506628
26.706629
27.526628
28.096628
28.596628
28.776628
28.366629
27.336628
25.916628
24.326628
22.586628
21.376629
20.306627
19.426628
19.486628
19.196629
18.516628
18.316628
18.176628
18.346628
18.856628
19.63663
21.38663
23.016628
24.716629
26.846628
27.516628
28.166628
28.436628
26.006628
25.626629
25.13663
24.806627
23.906628
22.286629
20.986628
20.086628
19.356628
19.096628
19.076628
19.146627
18.956629
18.666628
18.846628
19.656628
20.976627
21.426628
23.446629
24.086628
24.026628
23.806627
23.396627
23.006628
22.706629
22.336628
21.846628
20.816628
19.696629
18.326628
17.226627
16.026628
16.106628
15.336628
14.736629
13.986629
12.426628
11.506628
11.556628
11.586628
