-0.00000159
-0.00000159
-0.00000159
-0.00000159
-0.00000159
-0.00000143
-0.00000143
-0.00000143
-0.00000143
-0.00000143
-0.00000127
-0.00000127
-0.00000127
-0.00000127
-0.00000127
-0.00000111
-0.00000111
-0.00000111
-0.00000111
-0.00000111
-0.00000095
-0.00000095
-0.00000095
-0.00000095
-0.00000079
-0.00000079
-0.00000079
-0.00000079
-0.00000079
-0.00000064
-0.00000064
-0.00000064
-0.00000064
-0.00000064
-0.00000048
-0.00000048
-0.00000048
-0.00000048
-0.00000048
-0.00000032
-0.00000032
-0.00000032
-0.00000032
-0.00000016
-0.00000016
-0.00000016
-0.00000016
-0.00000016
0.00000000
0.00000000
0.00000000
0.00000000
0.00000000
0.00000016
0.00000016
0.00000016
0.00000016
0.00000016
0.00000032
0.00000032
0.00000032
0.00000032
0.00000048
0.00000048
0.00000048
0.00000048
0.00000048
0.00000064
0.00000064
0.00000064
0.00000064
0.00000064
0.00000079
0.00000079
0.00000079
0.00000079
0.00000079
0.00000095
0.00000095
0.00000095
0.00000095
0.00000111
0.00000111
0.00000111
0.00000111
0.00000111
0.00000127
0.00000127
0.00000127
0.00000127
0.00000127
0.00000143
0.00000143
0.00000143
0.00000143
0.00000143
0.00000159
0.00000159
0.00000159
0.00000159
0.00000159
