-0.00000167
-0.00000163
-0.00000160
-0.00000157
-0.00000153
-0.00000150
-0.00000147
-0.00000143
-0.00000140
-0.00000137
-0.00000133
-0.00000130
-0.00000127
-0.00000123
-0.00000120
-0.00000117
-0.00000113
-0.00000110
-0.00000107
-0.00000103
-0.00000100
-0.00000097
-0.00000093
-0.00000090
-0.00000087
-0.00000083
-0.00000080
-0.00000077
-0.00000073
-0.00000070
-0.00000067
-0.00000063
-0.00000060
-0.00000057
-0.00000053
-0.00000050
-0.00000047
-0.00000043
-0.00000040
-0.00000037
-0.00000033
-0.00000030
-0.00000027
-0.00000023
-0.00000020
-0.00000017
-0.00000013
-0.00000010
-0.00000007
-0.00000003
-0.00000000
0.00000003
0.00000007
0.00000010
0.00000013
0.00000017
0.00000020
0.00000023
0.00000027
0.00000030
0.00000033
0.00000037
0.00000040
0.00000043
0.00000047
0.00000050
0.00000053
0.00000057
0.00000060
0.00000063
0.00000067
0.00000070
0.00000073
0.00000077
0.00000080
0.00000083
0.00000087
0.00000090
0.00000093
0.00000097
0.00000100
0.00000103
0.00000107
0.00000110
0.00000113
0.00000117
0.00000120
0.00000123
0.00000127
0.00000130
0.00000133
0.00000137
0.00000140
0.00000143
0.00000147
0.00000150
0.00000153
0.00000157
0.00000160
0.00000163
0.00000167
