0.37158
0.37174
0.37189
0.37204
0.37219
0.37234
0.37249
0.37264
0.37278
0.37293
0.37307
0.37321
0.37335
0.37349
0.37363
0.37377
0.37390
0.37403
0.37417
0.37430
0.37443
0.37456
0.37468
0.37481
0.37494
0.37506
0.37518
0.37530
0.37542
0.37554
0.37566
0.37578
0.37589
0.37601
0.37612
0.37623
0.37635
0.37646
0.37657
0.37667
0.37678
0.37689
0.37699
0.37710
0.37720
0.37730
0.37741
0.37751
0.37761
0.37770
0.37780
0.37790
0.37800
0.37809
0.37818
0.37828
0.37837
0.37846
0.37855
0.37864
0.37873
0.37882
0.37891
0.37899
0.37908
0.37917
0.37925
0.37933
0.37942
0.37950
0.37958
0.37966
0.37974
0.37982
0.37990
0.37998
0.38005
0.38013
0.38021
0.38028
0.38036
0.38043
0.38050
0.38058
0.38065
0.38072
0.38079
0.38086
0.38093
0.38100
0.38107
0.38113
0.38120
0.38127
0.38134
0.38140
0.38147
0.38153
0.38160
0.38166
0.38172
0.38178
0.38185
0.38191
0.38197
0.38203
0.38209
0.38215
0.38221
0.38227
0.38233
0.38239
0.38244
0.38250
0.38256
0.38261
0.38267
0.38273
0.38278
0.38284
0.38289
0.38294
0.38300
0.38305
0.38310
0.38316
0.38321
0.38326
0.38331
0.38337
0.38342
0.38347
0.38352
0.38357
0.38362
0.38367
0.38372
0.38377
0.38381
0.38386
0.38391
0.38396
0.38401
0.38405
0.38410
0.38415
0.38420
0.38424
0.38429
0.38433
0.38438
0.38443
0.38447
0.38452
0.38456
0.38461
0.38465
0.38470
0.38474
0.38478
0.38483
0.38487
0.38492
0.38496
0.38500
0.38505
0.38509
0.38513
0.38518
0.38522
0.38526
0.38530
0.38535
0.38539
0.38543
0.38547
0.38551
0.38556
0.38560
0.38564
0.38568
0.38572
0.38576
0.38580
0.38585
0.38589
0.38593
0.38597
0.38601
0.38605
0.38609
0.38613
0.38617
0.38621
0.38625
0.38629
0.38633
0.38638
0.38642
0.38646
0.38650
0.38654
0.38658
0.38662
0.38666
0.38670
0.38674
0.38678
0.38682
0.38686
0.38690
0.38694
0.38698
0.38702
0.38706
0.38710
0.38714
0.38718
0.38722
0.38727
0.38731
0.38735
0.38739
0.38743
0.38747
0.38751
0.38755
0.38759
0.38763
0.38767
0.38771
0.38776
0.38780
0.38784
0.38788
0.38792
0.38796
0.38800
0.38805
0.38809
0.38813
0.38817
0.38821
0.38825
0.38830
0.38834
0.38838
0.38842
0.38847
0.38851
0.38855
0.38859
0.38864
0.38868
0.38872
0.38877
0.38881
0.38885
0.38890
0.38894
0.38899
0.38903
0.38907
0.38912
0.38916
0.38921
0.38925
0.38930
0.38934
0.38939
0.38943
0.38948
0.38952
0.38957
0.38961
0.38966
0.38970
0.38975
0.38980
0.38984
0.38989
0.38994
0.38998
0.39003
0.39008
0.39012
0.39017
0.39022
0.39027
0.39032
0.39036
0.39041
0.39046
0.39051
0.39056
0.39061
0.39066
0.39070
0.39075
0.39080
0.39085
0.39090
0.39095
0.39100
0.39105
0.39111
0.39116
0.39121
0.39126
0.39131
0.39136
0.39141
0.39147
0.39152
0.39157
0.39162
0.39168
0.39173
0.39178
0.39183
0.39189
0.39194
0.39200
0.39205
0.39210
0.39216
0.39221
0.39227
0.39232
0.39238
0.39243
0.39249
0.39255
0.39260
0.39266
0.39272
0.39277
0.39283
0.39289
0.39294
0.39300
0.39306
0.39312
0.39317
0.39323
0.39329
0.39335
0.39341
0.39347
0.39353
0.39359
0.39365
0.39371
0.39377
0.39383
0.39389
0.39395
0.39401
0.39407
0.39414
0.39420
0.39426
0.39432
0.39438
0.39445
0.39451
0.39457
0.39464
0.39470
0.39476
0.39483
0.39489
0.39496
0.39502
0.39509
0.39515
0.39522
0.39528
0.39535
0.39541
0.39548
0.39555
0.39561
0.39568
0.39575
0.39582
0.39588
0.39595
0.39602
0.39609
0.39616
0.39623
0.39629
0.39636
0.39643
0.39650
0.39657
0.39664
0.39671
0.39678
0.39686
0.39693
0.39700
0.39707
0.39714
0.39721
0.39729
0.39736
0.39743
0.39750
0.39758
0.39765
0.39773
0.39780
0.39787
0.39795
0.39802
0.39810
0.39817
0.39825
0.39832
0.39840
0.39848
0.39855
0.39863
0.39871
0.39878
0.39886
0.39894
0.39902
0.39909
0.39917
0.39925
0.39933
0.39941
0.39949
0.39957
0.39965
0.39973
0.39981
0.39989
0.39997
0.40005
0.40013
0.40021
0.40029
0.40037
0.40045
0.40054
0.40062
0.40070
0.40079
0.40087
0.40095
0.40104
0.40112
0.40120
0.40129
0.40137
0.40146
0.40154
0.40163
0.40171
0.40180
0.40189
0.40197
0.40206
0.40214
0.40223
0.40232
0.40241
0.40249
0.40258
0.40267
0.40276
0.40285
0.40294
0.40302
0.40311
0.40320
0.40329
0.40338
0.40347
0.40356
0.40365
0.40375
0.40384
0.40393
0.40402
0.40411
0.40420
0.40430
0.40439
0.40448
0.40457
0.40467
0.40476
0.40485
0.40495
0.40504
0.40514
0.40523
0.40533
0.40542
0.40552
0.40561
0.40571
0.40580
0.40590
0.40600
0.40609
0.40619
0.40629
0.40639
0.40648
0.40658
0.40668
0.40678
0.40688
0.40698
0.40707
0.40717
0.40727
0.40737
0.40747
0.40757
0.40767
0.40777
0.40787
0.40798
0.40808
0.40818
0.40828
0.40838
0.40848
0.40859
0.40869
0.40879
0.40890
0.40900
0.40910
0.40921
0.40931
0.40941
0.40952
0.40962
0.40973
0.40983
0.40994
0.41004
0.41015
0.41026
0.41036
0.41047
0.41058
0.41068
0.41079
0.41090
0.41100
0.41111
0.41122
0.41133
0.41144
0.41155
0.41165
0.41176
0.41187
0.41198
0.41209
0.41220
0.41231
0.41242
0.41253
0.41265
0.41276
0.41287
0.41298
0.41309
0.41320
0.41331
0.41343
0.41354
0.41365
0.41377
0.41388
0.41399
0.41411
0.41422
0.41433
0.41445
0.41456
0.41468
0.41479
0.41491
0.41502
0.41514
0.41526
0.41537
0.41549
0.41560
0.41572
0.41584
0.41596
0.41607
0.41619
0.41631
0.41643
0.41654
0.41666
0.41678
0.41690
0.41702
0.41714
0.41726
0.41738
0.41750
0.41762
0.41774
0.41786
0.41798
0.41810
0.41822
0.41834
0.41846
0.41859
0.41871
0.41883
0.41895
0.41908
0.41920
0.41932
0.41944
0.41957
0.41969
0.41982
0.41994
0.42006
0.42019
0.42031
0.42044
0.42056
0.42069
0.42081
0.42094
0.42107
0.42119
0.42132
0.42145
0.42157
0.42170
0.42183
0.42195
0.42208
0.42221
0.42234
0.42247
0.42259
0.42272
0.42285
0.42298
0.42311
0.42324
0.42337
0.42350
0.42363
0.42376
0.42389
0.42402
0.42415
0.42428
0.42441
0.42454
0.42468
0.42481
0.42494
0.42507
0.42520
0.42534
0.42547
0.42560
0.42574
0.42587
0.42600
0.42614
0.42627
0.42641
0.42654
0.42667
0.42681
0.42694
0.42708
0.42722
0.42735
0.42749
0.42762
0.42776
0.42790
0.42803
0.42817
0.42831
0.42844
0.42858
0.42872
0.42886
0.42899
0.42913
0.42927
0.42941
0.42955
0.42969
0.42983
0.42997
0.43011
0.43025
0.43039
0.43053
0.43067
0.43081
0.43095
0.43109
0.43123
0.43137
0.43151
0.43165
0.43180
0.43194
0.43208
0.43222
0.43237
0.43251
0.43265
0.43280
0.43294
0.43308
0.43323
0.43337
0.43352
0.43366
0.43380
0.43395
0.43409
0.43424
0.43439
0.43453
0.43468
0.43482
0.43497
0.43512
0.43526
0.43541
0.43556
0.43570
0.43585
0.43600
0.43615
0.43629
0.43644
0.43659
0.43674
0.43689
0.43704
0.43719
0.43734
0.43748
0.43763
0.43778
0.43793
0.43808
0.43824
0.43839
0.43854
0.43869
0.43884
0.43899
0.43914
0.43929
0.43945
0.43960
0.43975
0.43990
0.44006
0.44021
0.44036
0.44052
0.44067
0.44082
0.44098
0.44113
0.44128
0.44144
0.44159
0.44175
0.44190
0.44206
0.44221
0.44237
0.44253
0.44268
0.44284
0.44299
0.44315
0.44331
0.44346
0.44362
0.44378
0.44394
0.44409
0.44425
0.44441
0.44457
0.44473
0.44489
0.44504
0.44520
0.44536
0.44552
0.44568
0.44584
0.44600
0.44616
0.44632
0.44648
0.44664
0.44680
0.44697
0.44713
0.44729
0.44745
0.44761
0.44777
0.44794
0.44810
0.44826
0.44842
0.44859
0.44875
0.44891
0.44908
0.44924
0.44941
0.44957
0.44973
0.44990
0.45006
0.45023
0.45039
0.45056
0.45072
0.45089
0.45106
0.45122
0.45139
0.45155
0.45172
0.45189
0.45205
0.45222
0.45239
0.45256
0.45272
0.45289
0.45306
0.45323
0.45340
0.45357
0.45374
0.45390
0.45407
0.45424
0.45441
0.45458
0.45475
0.45492
0.45509
0.45526
0.45543
0.45561
0.45578
0.45595
0.45612
0.45629
0.45646
0.45664
0.45681
0.45698
0.45715
0.45733
0.45750
0.45767
0.45785
0.45802
0.45819
0.45837
0.45854
0.45872
0.45889
0.45907
0.45924
0.45942
0.45959
0.45977
0.45994
0.46012
0.46029
0.46047
0.46065
0.46082
0.46100
0.46118
0.46136
0.46153
0.46171
0.46189
0.46207
0.46224
0.46242
0.46260
0.46278
0.46296
0.46314
0.46332
0.46350
0.46368
0.46386
0.46404
0.46422
0.46440
0.46458
0.46476
0.46494
0.46512
0.46530
0.46549
0.46567
0.46585
0.46603
0.46622
0.46640
0.46658
0.46676
0.46695
0.46713
0.46731
0.46750
0.46768
0.46787
0.46805
0.46824
0.46842
0.46861
0.46879
0.46898
0.46916
0.46935
0.46953
0.46972
0.46991
0.47009
0.47028
0.47047
0.47065
0.47084
0.47103
0.47122
0.47140
0.47159
0.47178
0.47197
0.47216
0.47235
0.47254
0.47272
0.47291
0.47310
0.47329
0.47348
0.47367
0.47386
0.47406
0.47425
0.47444
0.47463
0.47482
0.47501
0.47520
0.47540
0.47559
0.47578
0.47597
0.47617
0.47636
0.47655
0.47675
0.47694
0.47713
0.47733
0.47752
0.47772
0.47791
0.47811
0.47830
0.47850
0.47869
0.47889
0.47908
0.47928
0.47948
0.47967
0.47987
0.48007
0.48026
0.48046
0.48066
0.48085
0.48105
0.48125
0.48145
0.48165
0.48185
0.48204
0.48224
0.48244
0.48264
0.48284
0.48304
0.48324
0.48344
0.48364
0.48384
0.48404
0.48425
0.48445
0.48465
0.48485
0.48505
0.48525
0.48546
0.48566
0.48586
0.48606
0.48627
0.48647
0.48667
0.48688
0.48708
0.48729
0.48749
0.48769
0.48790
0.48810
0.48831
0.48851
0.48872
0.48893
0.48913
0.48934
0.48954
0.48975
0.48996
0.49016
0.49037
0.49058
0.49079
0.49099
0.49120
0.49141
0.49162
0.49183
0.49204
0.49225
0.49246
0.49266
0.49287
0.49308
0.49329
0.49350
0.49372
0.49393
0.49414
0.49435
0.49456
0.49477
0.49498
0.49519
0.49541
0.49562
0.49583
0.49604
0.49626
0.49647
0.49668
0.49690
0.49711
0.49733
0.49754
0.49775
0.49797
0.49818
0.49840
0.49862
0.49883
0.49905
0.49926
0.49948
0.49969
0.49991
0.50013
0.50035
0.50056
0.50078
0.50100
0.50122
0.50143
0.50165
0.50187
0.50209
0.50231
0.50253
0.50275
0.50297
0.50319
0.50341
0.50363
0.50385
0.50407
0.50429
0.50451
0.50473
0.50495
0.50517
0.50540
0.50562
0.50584
0.50606
0.50629
0.50651
0.50673
0.50696
0.50718
0.50740
0.50763
0.50785
0.50808
0.50830
0.50853
0.50875
0.50898
0.50920
0.50943
0.50965
0.50988
0.51011
0.51033
0.51056
0.51079
0.51102
0.51124
0.51147
0.51170
0.51193
0.51216
0.51238
0.51261
0.51284
0.51307
0.51330
0.51353
0.51376
0.51399
0.51422
0.51445
0.51468
0.51492
0.51515
0.51538
0.51561
0.51584
0.51607
0.51631
0.51654
0.51677
0.51701
0.51724
0.51747
0.51771
0.51794
0.51817
0.51841
0.51864
0.51888
0.51911
0.51935
0.51959
0.51982
0.52006
0.52029
0.52053
0.52077
0.52100
0.52124
0.52148
0.52172
0.52195
0.52219
0.52243
0.52267
0.52291
0.52315
0.52339
0.52363
0.52386
0.52410
0.52435
0.52459
0.52483
0.52507
0.52531
0.52555
0.52579
0.52603
0.52627
0.52652
0.52676
0.52700
0.52724
0.52749
0.52773
0.52797
0.52822
0.52846
0.52871
0.52895
0.52920
0.52944
0.52969
0.52993
0.53018
0.53042
0.53067
0.53092
0.53116
0.53141
0.53166
0.53190
0.53215
0.53240
0.53265
0.53290
0.53314
0.53339
0.53364
0.53389
0.53414
0.53439
0.53464
0.53489
0.53514
0.53539
0.53564
0.53589
0.53614
0.53639
0.53665
0.53690
0.53715
0.53740
0.53766
0.53791
0.53816
0.53842
0.53867
0.53892
0.53918
0.53943
0.53969
0.53994
0.54020
0.54045
0.54071
0.54096
0.54122
0.54147
0.54173
0.54199
0.54224
0.54250
0.54276
0.54302
0.54327
0.54353
0.54379
0.54405
0.54431
0.54457
0.54483
0.54509
0.54535
0.54561
0.54587
0.54613
0.54639
0.54665
0.54691
0.54717
0.54743
0.54770
0.54796
0.54822
0.54848
0.54875
0.54901
0.54927
0.54954
0.54980
0.55007
0.55033
0.55059
0.55086
0.55112
0.55139
0.55166
0.55192
0.55219
0.55245
0.55272
0.55299
0.55326
0.55352
0.55379
0.55406
0.55433
0.55459
0.55486
0.55513
0.55540
0.55567
0.55594
0.55621
0.55648
0.55675
0.55702
0.55729
0.55756
0.55783
0.55811
0.55838
0.55865
0.55892
0.55919
0.55947
0.55974
0.56001
0.56029
0.56056
0.56084
0.56111
0.56138
0.56166
0.56193
0.56221
0.56249
0.56276
0.56304
0.56331
0.56359
0.56387
0.56414
0.56442
0.56470
0.56498
0.56526
0.56553
0.56581
0.56609
0.56637
0.56665
0.56693
0.56721
0.56749
0.56777
0.56805
0.56833
0.56861
0.56889
0.56918
0.56946
0.56974
0.57002
0.57030
0.57059
0.57087
0.57115
0.57144
0.57172
0.57201
0.57229
0.57258
0.57286
0.57315
0.57343
0.57372
0.57400
0.57429
0.57458
0.57486
0.57515
0.57544
0.57572
0.57601
0.57630
0.57659
0.57688
0.57717
0.57745
0.57774
0.57803
0.57832
0.57861
0.57890
0.57919
0.57949
0.57978
0.58007
0.58036
0.58065
0.58094
0.58124
0.58153
0.58182
0.58212
0.58241
0.58270
0.58300
0.58329
0.58359
0.58388
0.58418
0.58447
0.58477
0.58506
0.58536
0.58566
0.58595
0.58625
0.58655
0.58684
0.58714
0.58744
0.58774
0.58804
0.58834
0.58863
0.58893
0.58923
0.58953
0.58983
0.59013
0.59043
0.59074
0.59104
0.59134
0.59164
0.59194
0.59224
0.59255
0.59285
0.59315
0.59346
0.59376
0.59406
0.59437
0.59467
0.59498
0.59528
0.59559
0.59589
0.59620
0.59650
0.59681
0.59712
0.59742
0.59773
0.59804
0.59835
0.59865
0.59896
0.59927
0.59958
0.59989
0.60020
0.60051
0.60082
0.60113
0.60144
0.60175
0.60206
0.60237
0.60268
0.60299
0.60330
0.60362
0.60393
0.60424
0.60455
0.60487
0.60518
0.60550
0.60581
0.60612
0.60644
0.60675
0.60707
0.60738
0.60770
0.60802
0.60833
0.60865
0.60897
0.60928
0.60960
0.60992
0.61024
0.61055
0.61087
0.61119
0.61151
0.61183
0.61215
0.61247
0.61279
0.61311
0.61343
0.61375
0.61407
0.61439
0.61472
0.61504
0.61536
0.61568
0.61601
0.61633
0.61665
0.61698
0.61730
0.61763
0.61795
0.61828
0.61860
0.61893
0.61925
0.61958
0.61990
0.62023
0.62056
0.62088
0.62121
0.62154
0.62187
0.62220
0.62252
0.62285
0.62318
0.62351
0.62384
0.62417
0.62450
0.62483
0.62516
0.62549
0.62583
0.62616
0.62649
0.62682
0.62715
0.62749
0.62782
0.62815
0.62849
0.62882
0.62915
0.62949
0.62982
0.63016
0.63049
0.63083
0.63117
0.63150
0.63184
0.63218
0.63251
0.63285
0.63319
0.63352
0.63386
0.63420
0.63454
0.63488
0.63522
0.63556
0.63590
0.63624
0.63658
0.63692
0.63726
0.63760
0.63794
0.63829
0.63863
0.63897
0.63931
0.63966
0.64000
0.64034
0.64069
0.64103
0.64138
0.64172
0.64207
0.64241
0.64276
0.64310
0.64345
0.64380
0.64414
0.64449
0.64484
0.64518
0.64553
0.64588
0.64623
0.64658
0.64693
0.64728
0.64763
0.64798
0.64833
0.64868
0.64903
0.64938
0.64973
0.65008
0.65043
0.65079
0.65114
0.65149
0.65185
0.65220
0.65255
0.65291
0.65326
0.65362
0.65397
0.65433
0.65468
0.65504
0.65539
0.65575
0.65611
0.65646
0.65682
0.65718
0.65754
0.65790
0.65825
0.65861
0.65897
0.65933
0.65969
0.66005
0.66041
0.66077
0.66113
0.66149
0.66186
0.66222
0.66258
0.66294
0.66330
0.66367
0.66403
0.66439
0.66476
0.66512
0.66549
0.66585
0.66622
0.66658
0.66695
0.66731
0.66768
0.66805
0.66841
0.66878
0.66915
0.66952
0.66988
0.67025
0.67062
0.67099
0.67136
0.67173
0.67210
0.67247
0.67284
0.67321
0.67358
0.67395
0.67432
0.67470
0.67507
0.67544
0.67581
0.67619
0.67656
0.67693
0.67731
0.67768
0.67806
0.67843
0.67881
0.67918
0.67956
0.67993
0.68031
0.68069
0.68107
0.68144
0.68182
0.68220
0.68258
0.68296
0.68333
0.68371
0.68409
0.68447
0.68485
0.68523
0.68561
0.68600
0.68638
0.68676
0.68714
0.68752
0.68791
0.68829
0.68867
0.68906
0.68944
0.68982
0.69021
0.69059
0.69098
0.69136
0.69175
0.69213
0.69252
0.69291
0.69329
0.69368
0.69407
0.69446
0.69484
0.69523
0.69562
0.69601
0.69640
0.69679
0.69718
0.69757
0.69796
0.69835
0.69874
0.69913
0.69953
0.69992
0.70031
0.70070
0.70110
0.70149
0.70188
0.70228
0.70267
0.70307
0.70346
0.70386
0.70425
0.70465
0.70505
0.70544
0.70584
0.70624
0.70663
0.70703
0.70743
0.70783
0.70823
0.70863
0.70902
0.70942
0.70982
0.71022
0.71063
0.71103
0.71143
0.71183
0.71223
0.71263
0.71304
0.71344
0.71384
0.71424
0.71465
0.71505
0.71546
0.71586
0.71627
0.71667
0.71708
0.71748
0.71789
0.71830
0.71870
0.71911
0.71952
0.71993
0.72033
0.72074
0.72115
0.72156
0.72197
0.72238
0.72279
0.72320
0.72361
0.72402
0.72443
0.72485
0.72526
0.72567
0.72608
0.72649
0.72691
0.72732
0.72774
0.72815
0.72856
0.72898
0.72939
0.72981
0.73023
0.73064
0.73106
0.73147
0.73189
0.73231
0.73273
0.73315
0.73356
0.73398
0.73440
0.73482
0.73524
0.73566
0.73608
0.73650
0.73692
0.73734
0.73777
0.73819
0.73861
0.73903
0.73945
0.73988
0.74030
0.74073
0.74115
0.74157
0.74200
0.74242
0.74285
0.74328
0.74370
0.74413
0.74455
0.74498
0.74541
0.74584
0.74626
0.74669
0.74712
0.74755
0.74798
0.74841
0.74884
0.74927
0.74970
0.75013
0.75056
0.75099
0.75143
0.75186
0.75229
0.75272
0.75316
0.75359
0.75403
0.75446
0.75489
0.75533
0.75576
0.75620
0.75664
0.75707
0.75751
0.75795
0.75838
0.75882
0.75926
0.75970
0.76013
0.76057
0.76101
0.76145
0.76189
0.76233
0.76277
0.76321
0.76365
0.76410
0.76454
0.76498
0.76542
0.76586
0.76631
0.76675
0.76720
0.76764
0.76808
0.76853
0.76897
0.76942
0.76986
0.77031
0.77076
0.77120
0.77165
0.77210
0.77255
0.77299
0.77344
0.77389
0.77434
0.77479
0.77524
0.77569
0.77614
0.77659
0.77704
0.77749
0.77794
0.77840
0.77885
0.77930
0.77976
0.78021
0.78066
0.78112
0.78157
0.78203
0.78248
0.78294
0.78339
0.78385
0.78430
0.78476
0.78522
0.78568
0.78613
0.78659
0.78705
0.78751
0.78797
0.78843
0.78889
0.78935
0.78981
0.79027
0.79073
0.79119
0.79165
0.79211
0.79258
0.79304
0.79350
0.79397
0.79443
0.79489
0.79536
0.79582
0.79629
0.79675
0.79722
0.79769
0.79815
0.79862
0.79909
0.79955
0.80002
0.80049
0.80096
0.80143
0.80190
0.80236
0.80283
0.80331
0.80378
0.80425
0.80472
0.80519
0.80566
0.80613
0.80661
0.80708
0.80755
0.80803
0.80850
0.80897
0.80945
0.80992
0.81040
0.81087
0.81135
0.81183
0.81230
0.81278
0.81326
0.81373
0.81421
0.81469
0.81517
0.81565
0.81613
0.81661
0.81709
0.81757
0.81805
0.81853
0.81901
0.81949
0.81998
0.82046
0.82094
0.82142
0.82191
0.82239
0.82288
0.82336
0.82384
0.82433
0.82482
0.82530
0.82579
0.82627
0.82676
0.82725
0.82774
0.82822
0.82871
0.82920
0.82969
0.83018
0.83067
0.83116
0.83165
0.83214
0.83263
0.83312
0.83361
0.83411
0.83460
0.83509
0.83558
0.83608
0.83657
0.83706
0.83756
0.83805
0.83855
0.83904
0.83954
0.84004
0.84053
0.84103
0.84153
0.84202
0.84252
0.84302
0.84352
0.84402
0.84452
0.84502
0.84552
0.84602
0.84652
0.84702
0.84752
0.84802
0.84852
0.84903
0.84953
0.85003
0.85054
0.85104
0.85154
0.85205
0.85255
0.85306
0.85356
0.85407
0.85458
0.85508
0.85559
0.85610
0.85661
0.85711
0.85762
0.85813
0.85864
0.85915
0.85966
0.86017
0.86068
0.86119
0.86170
0.86221
0.86272
0.86324
0.86375
0.86426
0.86478
0.86529
0.86580
0.86632
0.86683
0.86735
0.86786
0.86838
0.86889
0.86941
0.86993
0.87044
0.87096
0.87148
0.87200
0.87252
0.87303
0.87355
0.87407
0.87459
0.87511
0.87563
0.87615
0.87668
0.87720
0.87772
0.87824
0.87876
0.87929
0.87981
0.88033
0.88086
0.88138
0.88191
0.88243
0.88296
0.88348
0.88401
0.88454
0.88506
0.88559
0.88612
0.88665
0.88718
0.88770
0.88823
0.88876
0.88929
0.88982
0.89035
0.89088
0.89142
0.89195
0.89248
0.89301
0.89354
0.89408
0.89461
0.89514
0.89568
0.89621
0.89675
0.89728
0.89782
0.89835
0.89889
0.89942
0.89996
0.90050
0.90104
0.90157
0.90211
0.90265
0.90319
0.90373
0.90427
0.90481
0.90535
0.90589
0.90643
0.90697
0.90751
0.90806
0.90860
0.90914
0.90969
0.91023
0.91077
0.91132
0.91186
0.91241
0.91295
0.91350
0.91404
0.91459
0.91514
0.91568
0.91623
0.91678
0.91733
0.91788
0.91842
0.91897
0.91952
0.92007
0.92062
0.92117
0.92173
0.92228
0.92283
0.92338
0.92393
0.92449
0.92504
0.92559
0.92615
0.92670
0.92726
0.92781
0.92837
0.92892
0.92948
0.93003
0.93059
0.93115
0.93171
0.93226
0.93282
0.93338
0.93394
0.93450
0.93506
0.93562
0.93618
0.93674
0.93730
0.93786
0.93842
0.93898
0.93955
0.94011
0.94067
0.94124
0.94180
0.94236
0.94293
0.94349
0.94406
0.94463
0.94519
0.94576
0.94632
0.94689
0.94746
0.94803
0.94859
0.94916
0.94973
0.95030
0.95087
0.95144
0.95201
0.95258
0.95315
0.95372
0.95430
0.95487
0.95544
0.95601
0.95659
0.95716
0.95773
0.95831
0.95888
0.95946
0.96003
0.96061
0.96119
0.96176
0.96234
0.96292
0.96349
0.96407
0.96465
0.96523
0.96581
0.96639
0.96697
0.96755
0.96813
0.96871
0.96929
0.96987
0.97045
0.97103
0.97162
0.97220
0.97278
0.97337
0.97395
0.97453
0.97512
0.97570
0.97629
0.97688
0.97746
0.97805
0.97864
0.97922
0.97981
0.98040
0.98099
0.98157
0.98216
0.98275
0.98334
0.98393
0.98452
0.98511
0.98571
0.98630
0.98689
0.98748
0.98807
0.98867
0.98926
0.98985
0.99045
0.99104
0.99164
0.99223
0.99283
0.99342
0.99402
0.99462
0.99521
0.99581
0.99641
0.99701
0.99760
0.99820
0.99880
0.99940
1.00000
1.00060
1.00120
1.00180
1.00240
1.00301
1.00361
1.00421
1.00481
1.00542
1.00602
1.00662
1.00723
1.00783
1.00844
1.00904
1.00965
1.01025
1.01086
1.01147
1.01207
1.01268
1.01329
1.01390
1.01450
1.01511
1.01572
1.01633
1.01694
1.01755
1.01816
1.01877
1.01939
1.02000
1.02061
1.02122
1.02183
1.02245
1.02306
1.02367
1.02429
1.02490
1.02552
1.02613
1.02675
1.02737
1.02798
1.02860
1.02922
1.02983
1.03045
1.03107
1.03169
1.03231
1.03293
1.03354
1.03416
1.03479
1.03541
1.03603
1.03665
1.03727
1.03789
1.03851
1.03914
1.03976
1.04038
1.04101
1.04163
1.04226
1.04288
1.04351
1.04413
1.04476
1.04539
1.04601
1.04664
1.04727
1.04789
1.04852
1.04915
1.04978
1.05041
1.05104
1.05167
1.05230
1.05293
1.05356
1.05419
1.05482
1.05546
1.05609
1.05672
1.05736
1.05799
1.05862
1.05926
1.05989
1.06053
1.06116
1.06180
1.06243
1.06307
1.06371
1.06434
1.06498
1.06562
1.06626
1.06690
1.06754
1.06817
1.06881
1.06945
1.07009
1.07074
1.07138
1.07202
1.07266
1.07330
1.07394
1.07459
1.07523
1.07587
1.07652
1.07716
1.07781
1.07845
1.07910
1.07974
1.08039
1.08104
1.08168
1.08233
1.08298
1.08363
1.08427
1.08492
1.08557
1.08622
1.08687
1.08752
1.08817
1.08882
1.08947
1.09012
1.09078
1.09143
1.09208
1.09273
1.09339
1.09404
1.09469
1.09535
1.09600
1.09666
1.09731
1.09797
1.09862
1.09928
1.09994
1.10059
1.10125
1.10191
1.10257
1.10323
1.10389
1.10454
1.10520
1.10586
1.10652
1.10719
1.10785
1.10851
1.10917
1.10983
1.11049
1.11116
1.11182
1.11248
1.11315
1.11381
1.11448
1.11514
1.11581
1.11647
1.11714
1.11780
1.11847
1.11914
1.11981
1.12047
1.12114
1.12181
1.12248
1.12315
1.12382
1.12449
1.12516
1.12583
1.12650
1.12717
1.12784
1.12851
1.12919
1.12986
1.13053
1.13120
1.13188
1.13255
1.13323
1.13390
1.13458
1.13525
1.13593
1.13660
1.13728
1.13796
1.13863
1.13931
1.13999
1.14067
1.14135
1.14203
1.14270
1.14338
1.14406
1.14474
1.14543
1.14611
1.14679
1.14747
1.14815
1.14883
1.14952
1.15020
1.15088
1.15157
1.15225
1.15294
1.15362
1.15431
1.15499
1.15568
1.15636
1.15705
1.15774
1.15842
1.15911
1.15980
1.16049
1.16118
1.16187
1.16256
1.16325
1.16394
1.16463
1.16532
1.16601
1.16670
1.16739
1.16808
1.16878
1.16947
1.17016
1.17086
1.17155
1.17224
1.17294
1.17363
1.17433
1.17502
1.17572
1.17642
1.17711
1.17781
1.17851
1.17920
1.17990
1.18060
1.18130
1.18200
1.18270
1.18340
1.18410
1.18480
1.18550
1.18620
1.18690
1.18760
1.18831
1.18901
1.18971
1.19041
1.19112
1.19182
1.19253
1.19323
1.19393
1.19464
1.19535
1.19605
1.19676
1.19746
1.19817
1.19888
1.19959
1.20029
1.20100
1.20171
1.20242
1.20313
1.20384
1.20455
1.20526
1.20597
1.20668
1.20739
1.20810
1.20881
1.20953
1.21024
1.21095
1.21167
1.21238
1.21309
1.21381
1.21452
1.21524
1.21595
1.21667
1.21738
1.21810
1.21882
1.21953
1.22025
1.22097
1.22169
1.22241
1.22312
1.22384
1.22456
1.22528
1.22600
1.22672
1.22744
1.22816
1.22888
1.22961
1.23033
1.23105
1.23177
1.23250
1.23322
1.23394
1.23467
1.23539
1.23612
1.23684
1.23757
1.23829
1.23902
1.23974
1.24047
1.24120
1.24193
1.24265
1.24338
1.24411
1.24484
1.24557
1.24630
1.24703
1.24776
1.24849
1.24922
1.24995
1.25068
1.25141
1.25214
1.25287
1.25361
1.25434
1.25507
1.25581
1.25654
1.25727
1.25801
1.25874
1.25948
1.26021
1.26095
1.26169
1.26242
1.26316
1.26390
1.26463
1.26537
1.26611
1.26685
1.26759
1.26833
1.26906
1.26980
1.27054
1.27128
1.27203
1.27277
1.27351
1.27425
1.27499
1.27573
1.27648
1.27722
1.27796
1.27871
1.27945
1.28019
1.28094
1.28168
1.28243
1.28317
1.28392
1.28467
1.28541
1.28616
1.28691
1.28765
1.28840
1.28915
1.28990
1.29064
1.29139
1.29214
1.29289
1.29364
1.29439
1.29514
1.29589
1.29665
1.29740
1.29815
1.29890
1.29965
1.30041
1.30116
1.30191
1.30267
1.30342
1.30417
1.30493
1.30568
1.30644
1.30719
1.30795
1.30871
1.30946
1.31022
1.31098
1.31173
1.31249
1.31325
1.31401
1.31477
1.31552
1.31628
1.31704
1.31780
1.31856
1.31932
1.32008
1.32085
1.32161
1.32237
1.32313
1.32389
1.32466
1.32542
1.32618
1.32694
1.32771
1.32847
1.32924
1.33000
1.33077
1.33153
1.33230
1.33306
1.33383
1.33460
1.33536
1.33613
1.33690
1.33767
1.33843
1.33920
1.33997
1.34074
1.34151
1.34228
1.34305
1.34382
1.34459
1.34536
1.34613
1.34690
1.34767
1.34845
1.34922
1.34999
1.35076
1.35154
1.35231
1.35308
1.35386
1.35463
1.35541
1.35618
1.35696
1.35773
1.35851
1.35928
1.36006
1.36084
1.36161
1.36239
1.36317
1.36395
1.36472
1.36550
1.36628
1.36706
1.36784
1.36862
1.36940
1.37018
1.37096
1.37174
1.37252
1.37330
1.37408
1.37487
1.37565
1.37643
1.37721
1.37800
1.37878
1.37956
1.38035
1.38113
1.38192
1.38270
1.38348
1.38427
1.38506
1.38584
1.38663
1.38741
1.38820
1.38899
1.38978
1.39056
1.39135
1.39214
1.39293
1.39372
1.39450
1.39529
1.39608
1.39687
1.39766
1.39845
1.39924
1.40004
1.40083
1.40162
1.40241
1.40320
1.40399
1.40479
1.40558
1.40637
1.40717
1.40796
1.40875
1.40955
1.41034
1.41114
1.41193
1.41273
1.41352
1.41432
1.41511
1.41591
1.41671
1.41750
1.41830
1.41910
1.41990
1.42070
1.42149
1.42229
1.42309
1.42389
1.42469
1.42549
1.42629
1.42709
1.42789
1.42869
1.42949
1.43029
1.43109
1.43190
1.43270
1.43350
1.43430
1.43510
1.43591
1.43671
1.43751
1.43832
1.43912
1.43993
1.44073
1.44154
1.44234
1.44315
1.44395
1.44476
1.44557
1.44637
1.44718
1.44799
1.44879
1.44960
1.45041
1.45122
1.45202
1.45283
1.45364
1.45445
1.45526
1.45607
1.45688
1.45769
1.45850
1.45931
1.46012
1.46093
1.46174
1.46255
1.46337
1.46418
1.46499
1.46580
1.46662
1.46743
1.46824
1.46906
1.46987
1.47068
1.47150
1.47231
1.47313
1.47394
1.47476
1.47557
1.47639
1.47720
1.47802
1.47884
1.47965
1.48047
1.48129
1.48210
1.48292
1.48374
1.48456
1.48538
1.48620
1.48701
1.48783
1.48865
1.48947
1.49029
1.49111
1.49193
1.49275
1.49357
1.49439
1.49522
1.49604
1.49686
1.49768
1.49850
1.49933
1.50015
1.50097
1.50179
1.50262
1.50344
1.50426
1.50509
1.50591
1.50674
1.50756
1.50839
1.50921
1.51004
1.51086
1.51169
1.51252
1.51334
1.51417
1.51500
1.51582
1.51665
1.51748
1.51830
1.51913
1.51996
1.52079
1.52162
1.52245
1.52327
1.52410
1.52493
1.52576
1.52659
1.52742
1.52825
1.52908
1.52991
1.53075
1.53158
1.53241
1.53324
1.53407
1.53490
1.53574
1.53657
1.53740
1.53823
1.53907
1.53990
1.54073
1.54157
1.54240
1.54324
1.54407
1.54490
1.54574
1.54657
1.54741
1.54824
1.54908
1.54992
1.55075
1.55159
1.55242
1.55326
1.55410
1.55494
1.55577
1.55661
1.55745
1.55829
1.55912
1.55996
1.56080
1.56164
1.56248
1.56332
1.56416
1.56500
1.56584
1.56668
1.56752
1.56836
1.56920
1.57004
1.57088
1.57172
1.57256
1.57340
1.57424
1.57508
1.57593
1.57677
1.57761
1.57845
1.57930
1.58014
1.58098
1.58183
1.58267
1.58351
1.58436
1.58520
1.58605
1.58689
1.58773
1.58858
1.58942
1.59027
1.59111
1.59196
1.59281
1.59365
1.59450
1.59534
1.59619
1.59704
1.59788
1.59873
1.59958
1.60043
1.60127
1.60212
1.60297
1.60382
1.60467
1.60551
1.60636
1.60721
1.60806
1.60891
1.60976
1.61061
1.61146
1.61231
1.61316
1.61401
1.61486
1.61571
1.61656
1.61741
1.61826
1.61911
1.61996
1.62082
1.62167
1.62252
1.62337
1.62422
1.62507
1.62593
1.62678
1.62763
1.62849
1.62934
1.63019
1.63105
1.63190
1.63275
1.63361
1.63446
1.63532
1.63617
1.63702
1.63788
1.63873
1.63959
1.64044
1.64130
1.64215
1.64301
1.64387
1.64472
1.64558
1.64643
1.64729
1.64815
1.64900
1.64986
1.65072
1.65158
1.65243
1.65329
1.65415
1.65500
1.65586
1.65672
1.65758
1.65844
1.65930
1.66015
1.66101
1.66187
1.66273
1.66359
1.66445
1.66531
1.66617
1.66703
1.66789
1.66875
1.66961
1.67047
1.67133
1.67219
1.67305
1.67391
1.67477
1.67563
1.67649
1.67735
1.67822
1.67908
1.67994
1.68080
1.68166
1.68252
1.68339
1.68425
1.68511
1.68597
1.68684
1.68770
1.68856
1.68943
1.69029
1.69115
1.69202
1.69288
1.69374
1.69461
1.69547
1.69633
1.69720
1.69806
1.69893
1.69979
1.70066
1.70152
1.70239
1.70325
1.70412
1.70498
1.70585
1.70671
1.70758
1.70844
1.70931
1.71017
1.71104
1.71191
1.71277
1.71364
1.71450
1.71537
1.71624
1.71710
1.71797
1.71884
1.71971
1.72057
1.72144
1.72231
1.72317
1.72404
1.72491
1.72578
1.72664
1.72751
1.72838
1.72925
1.73012
1.73098
1.73185
1.73272
1.73359
1.73446
1.73533
1.73620
1.73707
1.73793
1.73880
1.73967
1.74054
1.74141
1.74228
1.74315
1.74402
1.74489
1.74576
1.74663
1.74750
1.74837
1.74924
1.75011
1.75098
1.75185
1.75272
1.75359
1.75446
1.75533
1.75620
1.75707
1.75794
1.75881
1.75969
1.76056
1.76143
1.76230
1.76317
1.76404
1.76491
1.76578
1.76666
1.76753
1.76840
1.76927
1.77014
1.77102
1.77189
1.77276
1.77363
1.77450
1.77538
1.77625
1.77712
1.77799
1.77887
1.77974
1.78061
1.78148
1.78236
1.78323
1.78410
1.78497
1.78585
1.78672
1.78759
1.78847
1.78934
1.79021
1.79109
1.79196
1.79283
1.79371
1.79458
1.79545
1.79633
1.79720
1.79807
1.79895
1.79982
1.80069
1.80157
1.80244
1.80332
1.80419
1.80506
1.80594
1.80681
1.80769
1.80856
1.80943
1.81031
1.81118
1.81206
1.81293
1.81381
1.81468
1.81555
1.81643
1.81730
1.81818
1.81905
1.81993
1.82080
1.82168
1.82255
1.82342
1.82430
1.82517
1.82605
1.82692
1.82780
1.82867
1.82955
1.83042
1.83130
1.83217
1.83305
1.83392
1.83480
1.83567
1.83655
1.83742
1.83830
1.83917
1.84005
1.84092
1.84180
1.84267
1.84355
1.84442
1.84530
1.84617
1.84705
1.84792
1.84880
1.84967
1.85055
1.85142
1.85230
1.85317
1.85405
1.85492
1.85580
1.85667
1.85755
1.85842
1.85930
1.86017
1.86105
1.86192
1.86280
1.86367
1.86455
1.86542
1.86630
1.86717
1.86805
1.86892
1.86980
1.87067
1.87155
1.87242
1.87330
1.87417
1.87505
1.87592
1.87680
1.87767
1.87855
1.87942
1.88030
1.88117
1.88205
1.88292
1.88380
1.88467
1.88555
1.88642
1.88730
1.88817
1.88905
1.88992
1.89080
1.89167
1.89254
1.89342
1.89429
1.89517
1.89604
1.89692
1.89779
1.89866
1.89954
1.90041
1.90129
1.90216
1.90304
1.90391
1.90478
1.90566
1.90653
1.90740
1.90828
1.90915
1.91003
1.91090
1.91177
1.91265
1.91352
1.91439
1.91527
1.91614
1.91701
1.91789
1.91876
1.91963
1.92051
1.92138
1.92225
1.92313
1.92400
1.92487
1.92574
1.92662
1.92749
1.92836
1.92924
1.93011
1.93098
1.93185
1.93273
1.93360
1.93447
1.93534
1.93621
1.93709
1.93796
1.93883
1.93970
1.94057
1.94144
1.94232
1.94319
1.94406
1.94493
1.94580
1.94667
1.94754
1.94841
1.94929
1.95016
1.95103
1.95190
1.95277
1.95364
1.95451
1.95538
1.95625
1.95712
1.95799
1.95886
1.95973
1.96060
1.96147
1.96234
1.96321
1.96408
1.96495
1.96582
1.96669
1.96756
1.96843
1.96929
1.97016
1.97103
1.97190
1.97277
1.97364
1.97451
1.97537
1.97624
1.97711
1.97798
1.97885
1.97971
1.98058
1.98145
1.98232
1.98318
1.98405
1.98492
1.98578
1.98665
1.98752
1.98838
1.98925
1.99012
1.99098
1.99185
1.99272
1.99358
1.99445
1.99531
1.99618
1.99704
1.99791
1.99877
1.99964
2.00050
2.00137
2.00223
2.00310
2.00396
2.00483
2.00569
2.00656
2.00742
2.00828
2.00915
2.01001
2.01087
2.01174
2.01260
2.01346
2.01433
2.01519
2.01605
2.01691
2.01778
2.01864
2.01950
2.02036
2.02122
2.02209
2.02295
2.02381
2.02467
2.02553
2.02639
2.02725
2.02811
2.02897
2.02983
2.03069
2.03155
2.03241
2.03327
2.03413
2.03499
2.03585
2.03671
2.03757
2.03843
2.03929
2.04014
2.04100
2.04186
2.04272
2.04358
2.04443
2.04529
2.04615
2.04700
2.04786
2.04872
2.04957
2.05043
2.05129
2.05214
2.05300
2.05385
2.05471
2.05556
2.05642
2.05727
2.05813
2.05898
2.05984
2.06069
2.06155
2.06240
2.06325
2.06411
2.06496
2.06581
2.06667
2.06752
2.06837
2.06922
2.07008
2.07093
2.07178
2.07263
2.07348
2.07433
2.07519
2.07604
2.07689
2.07774
2.07859
2.07944
2.08029
2.08114
2.08199
2.08284
2.08368
2.08453
2.08538
2.08623
2.08708
2.08793
2.08877
2.08962
2.09047
2.09132
2.09216
2.09301
2.09386
2.09470
2.09555
2.09639
2.09724
2.09809
2.09893
2.09978
2.10062
2.10146
2.10231
2.10315
2.10400
2.10484
2.10568
2.10653
2.10737
2.10821
2.10906
2.10990
2.11074
2.11158
2.11242
2.11326
2.11411
2.11495
2.11579
2.11663
2.11747
2.11831
2.11915
2.11999
2.12083
2.12166
2.12250
2.12334
2.12418
2.12502
2.12586
2.12669
2.12753
2.12837
2.12920
2.13004
2.13088
2.13171
2.13255
2.13338
2.13422
2.13505
2.13589
2.13672
2.13756
2.13839
2.13922
2.14006
2.14089
2.14172
2.14256
2.14339
2.14422
2.14505
2.14588
2.14672
2.14755
2.14838
2.14921
2.15004
2.15087
2.15170
2.15253
2.15336
2.15419
2.15501
2.15584
2.15667
2.15750
2.15833
2.15915
2.15998
2.16081
2.16163
2.16246
2.16328
2.16411
2.16493
2.16576
2.16658
2.16741
2.16823
2.16906
2.16988
2.17070
2.17153
2.17235
2.17317
2.17399
2.17481
2.17564
2.17646
2.17728
2.17810
2.17892
2.17974
2.18056
2.18138
2.18220
2.18301
2.18383
2.18465
2.18547
2.18629
2.18710
2.18792
2.18874
2.18955
2.19037
2.19118
2.19200
2.19281
2.19363
2.19444
2.19526
2.19607
2.19688
2.19770
2.19851
2.19932
2.20013
2.20095
2.20176
2.20257
2.20338
2.20419
2.20500
2.20581
2.20662
2.20743
2.20824
2.20904
2.20985
2.21066
2.21147
2.21227
2.21308
2.21389
2.21469
2.21550
2.21630
2.21711
2.21791
2.21872
2.21952
2.22033
2.22113
2.22193
2.22274
2.22354
2.22434
2.22514
2.22594
2.22674
2.22754
2.22834
2.22914
2.22994
2.23074
2.23154
2.23234
2.23314
2.23393
2.23473
2.23553
2.23633
2.23712
2.23792
2.23871
2.23951
2.24030
2.24110
2.24189
2.24268
2.24348
2.24427
2.24506
2.24586
2.24665
2.24744
2.24823
2.24902
2.24981
2.25060
2.25139
2.25218
2.25297
2.25376
2.25454
2.25533
2.25612
2.25690
2.25769
2.25848
2.25926
2.26005
2.26083
2.26162
2.26240
2.26319
2.26397
2.26475
2.26553
2.26632
2.26710
2.26788
2.26866
2.26944
2.27022
2.27100
2.27178
2.27256
2.27334
2.27411
2.27489
2.27567
2.27645
2.27722
2.27800
2.27877
2.27955
2.28032
2.28110
2.28187
2.28265
2.28342
2.28419
2.28496
2.28574
2.28651
2.28728
2.28805
2.28882
2.28959
2.29036
2.29113
2.29190
2.29266
2.29343
2.29420
2.29497
2.29573
2.29650
2.29726
2.29803
2.29879
2.29956
2.30032
2.30108
2.30185
2.30261
2.30337
2.30413
2.30489
2.30565
2.30641
2.30717
2.30793
2.30869
2.30945
2.31021
2.31097
2.31172
2.31248
2.31324
2.31399
2.31475
2.31550
2.31626
2.31701
2.31776
2.31852
2.31927
2.32002
2.32077
2.32153
2.32228
2.32303
2.32378
2.32453
2.32527
2.32602
2.32677
2.32752
2.32827
2.32901
2.32976
2.33050
2.33125
2.33199
2.33274
2.33348
2.33422
2.33497
2.33571
2.33645
2.33719
2.33793
2.33867
2.33941
2.34015
2.34089
2.34163
2.34237
2.34311
2.34384
2.34458
2.34532
2.34605
2.34679
2.34752
2.34825
2.34899
2.34972
2.35045
2.35119
2.35192
2.35265
2.35338
2.35411
2.35484
2.35557
2.35630
2.35702
2.35775
2.35848
2.35921
2.35993
2.36066
2.36138
2.36211
2.36283
2.36355
2.36428
2.36500
2.36572
2.36644
2.36716
2.36788
2.36860
2.36932
2.37004
2.37076
2.37148
2.37220
2.37291
2.37363
2.37435
2.37506
2.37578
2.37649
2.37720
2.37792
2.37863
2.37934
2.38005
2.38076
2.38147
2.38218
2.38289
2.38360
2.38431
2.38502
2.38573
2.38643
2.38714
2.38784
2.38855
2.38925
2.38996
2.39066
2.39136
2.39207
2.39277
2.39347
2.39417
2.39487
2.39557
2.39627
2.39697
2.39767
2.39836
2.39906
2.39976
2.40045
2.40115
2.40184
2.40254
2.40323
2.40392
2.40462
2.40531
2.40600
2.40669
2.40738
2.40807
2.40876
2.40945
2.41014
2.41082
2.41151
2.41220
2.41288
2.41357
2.41425
2.41494
2.41562
2.41630
2.41699
2.41767
2.41835
2.41903
2.41971
2.42039
2.42107
2.42175
2.42242
2.42310
2.42378
2.42445
2.42513
2.42580
2.42648
2.42715
2.42782
2.42850
2.42917
2.42984
2.43051
2.43118
2.43185
2.43252
2.43319
2.43385
2.43452
2.43519
2.43585
2.43652
2.43718
2.43785
2.43851
2.43917
2.43983
2.44050
2.44116
2.44182
2.44248
2.44314
2.44380
2.44445
2.44511
2.44577
2.44642
2.44708
2.44773
2.44839
2.44904
2.44970
2.45035
2.45100
2.45165
2.45230
2.45295
2.45360
2.45425
2.45490
2.45555
2.45619
2.45684
2.45748
2.45813
2.45877
2.45942
2.46006
2.46070
2.46135
2.46199
2.46263
2.46327
2.46391
2.46455
2.46518
2.46582
2.46646
2.46709
2.46773
2.46836
2.46900
2.46963
2.47026
2.47090
2.47153
2.47216
2.47279
2.47342
2.47405
2.47468
2.47531
2.47593
2.47656
2.47718
2.47781
2.47843
2.47906
2.47968
2.48030
2.48093
2.48155
2.48217
2.48279
2.48341
2.48403
2.48464
2.48526
2.48588
2.48649
2.48711
2.48772
2.48834
2.48895
2.48956
2.49018
2.49079
2.49140
2.49201
2.49262
2.49323
2.49383
2.49444
2.49505
2.49565
2.49626
2.49686
2.49747
2.49807
2.49867
2.49928
2.49988
2.50048
2.50108
2.50168
2.50228
2.50287
2.50347
2.50407
2.50466
2.50526
2.50585
2.50645
2.50704
2.50763
2.50822
2.50881
2.50940
2.50999
2.51058
2.51117
2.51176
2.51235
2.51293
2.51352
2.51410
2.51469
2.51527
2.51585
2.51643
2.51701
2.51760
2.51818
2.51875
2.51933
2.51991
2.52049
2.52106
2.52164
2.52221
2.52279
2.52336
2.52393
2.52451
2.52508
2.52565
2.52622
2.52679
2.52736
2.52792
2.52849
2.52906
2.52962
2.53019
2.53075
2.53132
2.53188
2.53244
2.53300
2.53356
2.53412
2.53468
2.53524
2.53580
2.53635
2.53691
2.53747
2.53802
2.53857
2.53913
2.53968
2.54023
2.54078
2.54133
2.54188
2.54243
2.54298
2.54353
2.54407
2.54462
2.54516
2.54571
2.54625
2.54680
2.54734
2.54788
2.54842
2.54896
2.54950
2.55004
2.55058
2.55111
2.55165
2.55218
2.55272
2.55325
2.55379
2.55432
2.55485
2.55538
2.55591
2.55644
2.55697
2.55750
2.55803
2.55855
2.55908
2.55960
2.56013
2.56065
2.56117
2.56170
2.56222
2.56274
2.56326
2.56378
2.56429
2.56481
2.56533
2.56584
2.56636
2.56687
2.56739
2.56790
2.56841
2.56892
2.56943
2.56994
2.57045
2.57096
2.57147
2.57197
2.57248
2.57298
2.57349
2.57399
2.57449
2.57500
2.57550
2.57600
2.57650
2.57700
2.57749
2.57799
2.57849
2.57898
2.57948
2.57997
2.58047
2.58096
2.58145
2.58194
2.58243
2.58292
2.58341
2.58390
2.58438
2.58487
2.58536
2.58584
2.58632
2.58681
2.58729
2.58777
2.58825
2.58873
2.58921
2.58969
2.59017
2.59064
2.59112
2.59159
2.59207
2.59254
2.59301
2.59349
2.59396
2.59443
2.59490
2.59536
2.59583
2.59630
2.59677
2.59723
2.59770
2.59816
2.59862
2.59908
2.59955
2.60001
2.60047
2.60092
2.60138
2.60184
2.60230
2.60275
2.60321
2.60366
2.60411
2.60457
2.60502
2.60547
2.60592
2.60637
2.60682
2.60726
2.60771
2.60816
2.60860
2.60905
2.60949
2.60993
2.61037
2.61081
2.61125
2.61169
2.61213
2.61257
2.61301
2.61344
2.61388
2.61431
2.61474
2.61518
2.61561
2.61604
2.61647
2.61690
2.61733
2.61775
2.61818
2.61861
2.61903
2.61946
2.61988
2.62030
2.62072
2.62114
2.62156
2.62198
2.62240
2.62282
2.62324
2.62365
2.62407
2.62448
2.62489
2.62531
2.62572
2.62613
2.62654
2.62695
2.62735
2.62776
2.62817
2.62857
2.62898
2.62938
2.62979
2.63019
2.63059
2.63099
2.63139
2.63179
2.63219
2.63258
2.63298
2.63337
2.63377
2.63416
2.63456
2.63495
2.63534
2.63573
2.63612
2.63651
2.63689
2.63728
2.63767
2.63805
2.63844
2.63882
2.63920
2.63958
2.63996
2.64034
2.64072
2.64110
2.64148
2.64185
2.64223
2.64260
2.64298
2.64335
2.64372
2.64409
2.64446
2.64483
2.64520
2.64557
2.64593
2.64630
2.64667
2.64703
2.64739
2.64775
2.64812
2.64848
2.64884
2.64920
2.64955
2.64991
2.65027
2.65062
2.65098
2.65133
2.65168
2.65203
2.65238
2.65273
2.65308
2.65343
2.65378
2.65413
2.65447
2.65482
2.65516
2.65550
2.65584
2.65619
2.65653
2.65687
2.65720
2.65754
2.65788
2.65821
2.65855
2.65888
2.65922
2.65955
2.65988
2.66021
2.66054
2.66087
2.66119
2.66152
2.66185
2.66217
2.66250
2.66282
2.66314
2.66346
2.66378
2.66410
2.66442
2.66474
2.66506
2.66537
2.66569
2.66600
2.66632
2.66663
2.66694
2.66725
2.66756
2.66787
2.66818
2.66848
2.66879
2.66909
2.66940
2.66970
2.67000
2.67030
2.67061
2.67091
2.67120
2.67150
2.67180
2.67209
2.67239
2.67268
2.67298
2.67327
2.67356
2.67385
2.67414
2.67443
2.67472
2.67500
2.67529
2.67558
2.67586
2.67614
2.67642
2.67671
2.67699
2.67727
2.67754
2.67782
2.67810
2.67837
2.67865
2.67892
2.67920
2.67947
2.67974
2.68001
2.68028
2.68055
2.68082
2.68108
2.68135
2.68161
2.68188
2.68214
2.68240
2.68266
2.68292
2.68318
2.68344
2.68370
2.68395
2.68421
2.68446
2.68472
2.68497
2.68522
2.68547
2.68572
2.68597
2.68622
2.68647
2.68671
2.68696
2.68720
2.68745
2.68769
2.68793
2.68817
2.68841
2.68865
2.68889
2.68912
2.68936
2.68959
2.68983
2.69006
2.69029
2.69052
2.69075
2.69098
2.69121
2.69144
2.69167
2.69189
2.69212
2.69234
2.69256
2.69278
2.69300
2.69322
2.69344
2.69366
2.69388
2.69409
2.69431
2.69452
2.69474
2.69495
2.69516
2.69537
2.69558
2.69579
2.69600
2.69620
2.69641
2.69661
2.69682
2.69702
2.69722
2.69742
2.69762
2.69782
2.69802
2.69822
2.69841
2.69861
2.69880
2.69900
2.69919
2.69938
2.69957
2.69976
2.69995
2.70014
2.70032
2.70051
2.70069
2.70088
2.70106
2.70124
2.70142
2.70160
2.70178
2.70196
2.70214
2.70231
2.70249
2.70266
2.70284
2.70301
2.70318
2.70335
2.70352
2.70369
2.70386
2.70402
2.70419
2.70435
2.70452
2.70468
2.70484
2.70500
2.70516
2.70532
2.70548
2.70564
2.70579
2.70595
2.70610
2.70626
2.70641
2.70656
2.70671
2.70686
2.70701
2.70716
2.70730
2.70745
2.70759
2.70774
2.70788
2.70802
2.70816
2.70830
2.70844
2.70858
2.70871
2.70885
2.70898
2.70912
2.70925
2.70938
2.70951
2.70964
2.70977
2.70990
2.71003
2.71016
2.71028
2.71040
2.71053
2.71065
2.71077
2.71089
2.71101
2.71113
2.71125
2.71136
2.71148
2.71159
2.71171
2.71182
2.71193
2.71204
2.71215
2.71226
2.71237
2.71248
2.71258
2.71269
2.71279
2.71289
2.71300
2.71310
2.71320
2.71330
2.71339
2.71349
2.71359
2.71368
2.71378
2.71387
2.71396
2.71405
2.71414
2.71423
2.71432
2.71441
2.71450
2.71458
2.71467
2.71475
2.71483
2.71491
2.71499
2.71507
2.71515
2.71523
2.71531
2.71538
2.71546
2.71553
2.71560
2.71568
2.71575
2.71582
2.71589
2.71595
2.71602
2.71609
2.71615
2.71622
2.71628
2.71634
2.71640
2.71646
2.71652
2.71658
2.71664
2.71669
2.71675
2.71680
2.71686
2.71691
2.71696
2.71701
2.71706
2.71711
2.71715
2.71720
2.71725
2.71729
2.71733
2.71738
2.71742
2.71746
2.71750
2.71754
2.71757
2.71761
2.71765
2.71768
2.71772
2.71775
2.71778
2.71781
2.71784
2.71787
2.71790
2.71792
2.71795
2.71798
2.71800
2.71802
2.71804
2.71807
2.71809
2.71810
2.71812
2.71814
2.71816
2.71817
2.71819
2.71820
2.71821
2.71822
2.71823
2.71824
2.71825
2.71826
2.71826
2.71827
2.71827
2.71828
2.71828
2.71828
2.71828
2.71828
2.71828
2.71828
2.71827
2.71827
2.71826
2.71826
2.71825
2.71824
2.71823
2.71822
2.71821
2.71820
2.71819
2.71817
2.71816
2.71814
2.71812
2.71810
2.71809
2.71807
2.71804
2.71802
2.71800
2.71798
2.71795
2.71792
2.71790
2.71787
2.71784
2.71781
2.71778
2.71775
2.71772
2.71768
2.71765
2.71761
2.71757
2.71754
2.71750
2.71746
2.71742
2.71738
2.71733
2.71729
2.71725
2.71720
2.71715
2.71711
2.71706
2.71701
2.71696
2.71691
2.71686
2.71680
2.71675
2.71669
2.71664
2.71658
2.71652
2.71646
2.71640
2.71634
2.71628
2.71622
2.71615
2.71609
2.71602
2.71595
2.71589
2.71582
2.71575
2.71568
2.71560
2.71553
2.71546
2.71538
2.71531
2.71523
2.71515
2.71507
2.71499
2.71491
2.71483
2.71475
2.71467
2.71458
2.71450
2.71441
2.71432
2.71423
2.71414
2.71405
2.71396
2.71387
2.71378
2.71368
2.71359
2.71349
2.71339
2.71330
2.71320
2.71310
2.71300
2.71289
2.71279
2.71269
2.71258
2.71248
2.71237
2.71226
2.71215
2.71204
2.71193
2.71182
2.71171
2.71159
2.71148
2.71136
2.71125
2.71113
2.71101
2.71089
2.71077
2.71065
2.71053
2.71040
2.71028
2.71016
2.71003
2.70990
2.70977
2.70964
2.70951
2.70938
2.70925
2.70912
2.70898
2.70885
2.70871
2.70858
2.70844
2.70830
2.70816
2.70802
2.70788
2.70774
2.70759
2.70745
2.70730
2.70716
2.70701
2.70686
2.70671
2.70656
2.70641
2.70626
2.70610
2.70595
2.70579
2.70564
2.70548
2.70532
2.70516
2.70500
2.70484
2.70468
2.70452
2.70435
2.70419
2.70402
2.70386
2.70369
2.70352
2.70335
2.70318
2.70301
2.70284
2.70266
2.70249
2.70231
2.70214
2.70196
2.70178
2.70160
2.70142
2.70124
2.70106
2.70088
2.70069
2.70051
2.70032
2.70014
2.69995
2.69976
2.69957
2.69938
2.69919
2.69900
2.69880
2.69861
2.69841
2.69822
2.69802
2.69782
2.69762
2.69742
2.69722
2.69702
2.69682
2.69661
2.69641
2.69620
2.69600
2.69579
2.69558
2.69537
2.69516
2.69495
2.69474
2.69452
2.69431
2.69409
2.69388
2.69366
2.69344
2.69322
2.69300
2.69278
2.69256
2.69234
2.69212
2.69189
2.69167
2.69144
2.69121
2.69098
2.69075
2.69052
2.69029
2.69006
2.68983
2.68959
2.68936
2.68912
2.68889
2.68865
2.68841
2.68817
2.68793
2.68769
2.68745
2.68720
2.68696
2.68671
2.68647
2.68622
2.68597
2.68572
2.68547
2.68522
2.68497
2.68472
2.68446
2.68421
2.68395
2.68370
2.68344
2.68318
2.68292
2.68266
2.68240
2.68214
2.68188
2.68161
2.68135
2.68108
2.68082
2.68055
2.68028
2.68001
2.67974
2.67947
2.67920
2.67892
2.67865
2.67837
2.67810
2.67782
2.67754
2.67727
2.67699
2.67671
2.67642
2.67614
2.67586
2.67558
2.67529
2.67500
2.67472
2.67443
2.67414
2.67385
2.67356
2.67327
2.67298
2.67268
2.67239
2.67209
2.67180
2.67150
2.67120
2.67091
2.67061
2.67030
2.67000
2.66970
2.66940
2.66909
2.66879
2.66848
2.66818
2.66787
2.66756
2.66725
2.66694
2.66663
2.66632
2.66600
2.66569
2.66537
2.66506
2.66474
2.66442
2.66410
2.66378
2.66346
2.66314
2.66282
2.66250
2.66217
2.66185
2.66152
2.66119
2.66087
2.66054
2.66021
2.65988
2.65955
2.65922
2.65888
2.65855
2.65821
2.65788
2.65754
2.65720
2.65687
2.65653
2.65619
2.65584
2.65550
2.65516
2.65482
2.65447
2.65413
2.65378
2.65343
2.65308
2.65273
2.65238
2.65203
2.65168
2.65133
2.65098
2.65062
2.65027
2.64991
2.64955
2.64920
2.64884
2.64848
2.64812
2.64775
2.64739
2.64703
2.64667
2.64630
2.64593
2.64557
2.64520
2.64483
2.64446
2.64409
2.64372
2.64335
2.64298
2.64260
2.64223
2.64185
2.64148
2.64110
2.64072
2.64034
2.63996
2.63958
2.63920
2.63882
2.63844
2.63805
2.63767
2.63728
2.63689
2.63651
2.63612
2.63573
2.63534
2.63495
2.63456
2.63416
2.63377
2.63337
2.63298
2.63258
2.63219
2.63179
2.63139
2.63099
2.63059
2.63019
2.62979
2.62938
2.62898
2.62857
2.62817
2.62776
2.62735
2.62695
2.62654
2.62613
2.62572
2.62531
2.62489
2.62448
2.62407
2.62365
2.62324
2.62282
2.62240
2.62198
2.62156
2.62114
2.62072
2.62030
2.61988
2.61946
2.61903
2.61861
2.61818
2.61775
2.61733
2.61690
2.61647
2.61604
2.61561
2.61518
2.61474
2.61431
2.61388
2.61344
2.61301
2.61257
2.61213
2.61169
2.61125
2.61081
2.61037
2.60993
2.60949
2.60905
2.60860
2.60816
2.60771
2.60726
2.60682
2.60637
2.60592
2.60547
2.60502
2.60457
2.60411
2.60366
2.60321
2.60275
2.60230
2.60184
2.60138
2.60092
2.60047
2.60001
2.59955
2.59908
2.59862
2.59816
2.59770
2.59723
2.59677
2.59630
2.59583
2.59536
2.59490
2.59443
2.59396
2.59349
2.59301
2.59254
2.59207
2.59159
2.59112
2.59064
2.59017
2.58969
2.58921
2.58873
2.58825
2.58777
2.58729
2.58681
2.58632
2.58584
2.58536
2.58487
2.58438
2.58390
2.58341
2.58292
2.58243
2.58194
2.58145
2.58096
2.58047
2.57997
2.57948
2.57898
2.57849
2.57799
2.57749
2.57700
2.57650
2.57600
2.57550
2.57500
2.57449
2.57399
2.57349
2.57298
2.57248
2.57197
2.57147
2.57096
2.57045
2.56994
2.56943
2.56892
2.56841
2.56790
2.56739
2.56687
2.56636
2.56584
2.56533
2.56481
2.56429
2.56378
2.56326
2.56274
2.56222
2.56170
2.56117
2.56065
2.56013
2.55960
2.55908
2.55855
2.55803
2.55750
2.55697
2.55644
2.55591
2.55538
2.55485
2.55432
2.55379
2.55325
2.55272
2.55218
2.55165
2.55111
2.55058
2.55004
2.54950
2.54896
2.54842
2.54788
2.54734
2.54680
2.54625
2.54571
2.54516
2.54462
2.54407
2.54353
2.54298
2.54243
2.54188
2.54133
2.54078
2.54023
2.53968
2.53913
2.53857
2.53802
2.53747
2.53691
2.53635
2.53580
2.53524
2.53468
2.53412
2.53356
2.53300
2.53244
2.53188
2.53132
2.53075
2.53019
2.52962
2.52906
2.52849
2.52792
2.52736
2.52679
2.52622
2.52565
2.52508
2.52451
2.52393
2.52336
2.52279
2.52221
2.52164
2.52106
2.52049
2.51991
2.51933
2.51875
2.51818
2.51760
2.51701
2.51643
2.51585
2.51527
2.51469
2.51410
2.51352
2.51293
2.51235
2.51176
2.51117
2.51058
2.50999
2.50940
2.50881
2.50822
2.50763
2.50704
2.50645
2.50585
2.50526
2.50466
2.50407
2.50347
2.50287
2.50228
2.50168
2.50108
2.50048
2.49988
2.49928
2.49867
2.49807
2.49747
2.49686
2.49626
2.49565
2.49505
2.49444
2.49383
2.49323
2.49262
2.49201
2.49140
2.49079
2.49018
2.48956
2.48895
2.48834
2.48772
2.48711
2.48649
2.48588
2.48526
2.48464
2.48403
2.48341
2.48279
2.48217
2.48155
2.48093
2.48030
2.47968
2.47906
2.47843
2.47781
2.47718
2.47656
2.47593
2.47531
2.47468
2.47405
2.47342
2.47279
2.47216
2.47153
2.47090
2.47026
2.46963
2.46900
2.46836
2.46773
2.46709
2.46646
2.46582
2.46518
2.46455
2.46391
2.46327
2.46263
2.46199
2.46135
2.46070
2.46006
2.45942
2.45877
2.45813
2.45748
2.45684
2.45619
2.45555
2.45490
2.45425
2.45360
2.45295
2.45230
2.45165
2.45100
2.45035
2.44970
2.44904
2.44839
2.44773
2.44708
2.44642
2.44577
2.44511
2.44445
2.44380
2.44314
2.44248
2.44182
2.44116
2.44050
2.43983
2.43917
2.43851
2.43785
2.43718
2.43652
2.43585
2.43519
2.43452
2.43385
2.43319
2.43252
2.43185
2.43118
2.43051
2.42984
2.42917
2.42850
2.42782
2.42715
2.42648
2.42580
2.42513
2.42445
2.42378
2.42310
2.42242
2.42175
2.42107
2.42039
2.41971
2.41903
2.41835
2.41767
2.41699
2.41630
2.41562
2.41494
2.41425
2.41357
2.41288
2.41220
2.41151
2.41082
2.41014
2.40945
2.40876
2.40807
2.40738
2.40669
2.40600
2.40531
2.40462
2.40392
2.40323
2.40254
2.40184
2.40115
2.40045
2.39976
2.39906
2.39836
2.39767
2.39697
2.39627
2.39557
2.39487
2.39417
2.39347
2.39277
2.39207
2.39136
2.39066
2.38996
2.38925
2.38855
2.38784
2.38714
2.38643
2.38573
2.38502
2.38431
2.38360
2.38289
2.38218
2.38147
2.38076
2.38005
2.37934
2.37863
2.37792
2.37720
2.37649
2.37578
2.37506
2.37435
2.37363
2.37291
2.37220
2.37148
2.37076
2.37004
2.36932
2.36860
2.36788
2.36716
2.36644
2.36572
2.36500
2.36428
2.36355
2.36283
2.36211
2.36138
2.36066
2.35993
2.35921
2.35848
2.35775
2.35702
2.35630
2.35557
2.35484
2.35411
2.35338
2.35265
2.35192
2.35119
2.35045
2.34972
2.34899
2.34825
2.34752
2.34679
2.34605
2.34532
2.34458
2.34384
2.34311
2.34237
2.34163
2.34089
2.34015
2.33941
2.33867
2.33793
2.33719
2.33645
2.33571
2.33497
2.33422
2.33348
2.33274
2.33199
2.33125
2.33050
2.32976
2.32901
2.32827
2.32752
2.32677
2.32602
2.32527
2.32453
2.32378
2.32303
2.32228
2.32153
2.32077
2.32002
2.31927
2.31852
2.31776
2.31701
2.31626
2.31550
2.31475
2.31399
2.31324
2.31248
2.31172
2.31097
2.31021
2.30945
2.30869
2.30793
2.30717
2.30641
2.30565
2.30489
2.30413
2.30337
2.30261
2.30185
2.30108
2.30032
2.29956
2.29879
2.29803
2.29726
2.29650
2.29573
2.29497
2.29420
2.29343
2.29266
2.29190
2.29113
2.29036
2.28959
2.28882
2.28805
2.28728
2.28651
2.28574
2.28496
2.28419
2.28342
2.28265
2.28187
2.28110
2.28032
2.27955
2.27877
2.27800
2.27722
2.27645
2.27567
2.27489
2.27411
2.27334
2.27256
2.27178
2.27100
2.27022
2.26944
2.26866
2.26788
2.26710
2.26632
2.26553
2.26475
2.26397
2.26319
2.26240
2.26162
2.26083
2.26005
2.25926
2.25848
2.25769
2.25690
2.25612
2.25533
2.25454
2.25376
2.25297
2.25218
2.25139
2.25060
2.24981
2.24902
2.24823
2.24744
2.24665
2.24586
2.24506
2.24427
2.24348
2.24268
2.24189
2.24110
2.24030
2.23951
2.23871
2.23792
2.23712
2.23633
2.23553
2.23473
2.23393
2.23314
2.23234
2.23154
2.23074
2.22994
2.22914
2.22834
2.22754
2.22674
2.22594
2.22514
2.22434
2.22354
2.22274
2.22193
2.22113
2.22033
2.21952
2.21872
2.21791
2.21711
2.21630
2.21550
2.21469
2.21389
2.21308
2.21227
2.21147
2.21066
2.20985
2.20904
2.20824
2.20743
2.20662
2.20581
2.20500
2.20419
2.20338
2.20257
2.20176
2.20095
2.20013
2.19932
2.19851
2.19770
2.19688
2.19607
2.19526
2.19444
2.19363
2.19281
2.19200
2.19118
2.19037
2.18955
2.18874
2.18792
2.18710
2.18629
2.18547
2.18465
2.18383
2.18301
2.18220
2.18138
2.18056
2.17974
2.17892
2.17810
2.17728
2.17646
2.17564
2.17481
2.17399
2.17317
2.17235
2.17153
2.17070
2.16988
2.16906
2.16823
2.16741
2.16658
2.16576
2.16493
2.16411
2.16328
2.16246
2.16163
2.16081
2.15998
2.15915
2.15833
2.15750
2.15667
2.15584
2.15501
2.15419
2.15336
2.15253
2.15170
2.15087
2.15004
2.14921
2.14838
2.14755
2.14672
2.14588
2.14505
2.14422
2.14339
2.14256
2.14172
2.14089
2.14006
2.13922
2.13839
2.13756
2.13672
2.13589
2.13505
2.13422
2.13338
2.13255
2.13171
2.13088
2.13004
2.12920
2.12837
2.12753
2.12669
2.12586
2.12502
2.12418
2.12334
2.12250
2.12166
2.12083
2.11999
2.11915
2.11831
2.11747
2.11663
2.11579
2.11495
2.11411
2.11326
2.11242
2.11158
2.11074
2.10990
2.10906
2.10821
2.10737
2.10653
2.10568
2.10484
2.10400
2.10315
2.10231
2.10146
2.10062
2.09978
2.09893
2.09809
2.09724
2.09639
2.09555
2.09470
2.09386
2.09301
2.09216
2.09132
2.09047
2.08962
2.08877
2.08793
2.08708
2.08623
2.08538
2.08453
2.08368
2.08284
2.08199
2.08114
2.08029
2.07944
2.07859
2.07774
2.07689
2.07604
2.07519
2.07433
2.07348
2.07263
2.07178
2.07093
2.07008
2.06922
2.06837
2.06752
2.06667
2.06581
2.06496
2.06411
2.06325
2.06240
2.06155
2.06069
2.05984
2.05898
2.05813
2.05727
2.05642
2.05556
2.05471
2.05385
2.05300
2.05214
2.05129
2.05043
2.04957
2.04872
2.04786
2.04700
2.04615
2.04529
2.04443
2.04358
2.04272
2.04186
2.04100
2.04014
2.03929
2.03843
2.03757
2.03671
2.03585
2.03499
2.03413
2.03327
2.03241
2.03155
2.03069
2.02983
2.02897
2.02811
2.02725
2.02639
2.02553
2.02467
2.02381
2.02295
2.02209
2.02122
2.02036
2.01950
2.01864
2.01778
2.01691
2.01605
2.01519
2.01433
2.01346
2.01260
2.01174
2.01087
2.01001
2.00915
2.00828
2.00742
2.00656
2.00569
2.00483
2.00396
2.00310
2.00223
2.00137
2.00050
1.99964
1.99877
1.99791
1.99704
1.99618
1.99531
1.99445
1.99358
1.99272
1.99185
1.99098
1.99012
1.98925
1.98838
1.98752
1.98665
1.98578
1.98492
1.98405
1.98318
1.98232
1.98145
1.98058
1.97971
1.97885
1.97798
1.97711
1.97624
1.97537
1.97451
1.97364
1.97277
1.97190
1.97103
1.97016
1.96929
1.96843
1.96756
1.96669
1.96582
1.96495
1.96408
1.96321
1.96234
1.96147
1.96060
1.95973
1.95886
1.95799
1.95712
1.95625
1.95538
1.95451
1.95364
1.95277
1.95190
1.95103
1.95016
1.94929
1.94841
1.94754
1.94667
1.94580
1.94493
1.94406
1.94319
1.94232
1.94144
1.94057
1.93970
1.93883
1.93796
1.93709
1.93621
1.93534
1.93447
1.93360
1.93273
1.93185
1.93098
1.93011
1.92924
1.92836
1.92749
1.92662
1.92574
1.92487
1.92400
1.92313
1.92225
1.92138
1.92051
1.91963
1.91876
1.91789
1.91701
1.91614
1.91527
1.91439
1.91352
1.91265
1.91177
1.91090
1.91003
1.90915
1.90828
1.90740
1.90653
1.90566
1.90478
1.90391
1.90304
1.90216
1.90129
1.90041
1.89954
1.89866
1.89779
1.89692
1.89604
1.89517
1.89429
1.89342
1.89254
1.89167
1.89080
1.88992
1.88905
1.88817
1.88730
1.88642
1.88555
1.88467
1.88380
1.88292
1.88205
1.88117
1.88030
1.87942
1.87855
1.87767
1.87680
1.87592
1.87505
1.87417
1.87330
1.87242
1.87155
1.87067
1.86980
1.86892
1.86805
1.86717
1.86630
1.86542
1.86455
1.86367
1.86280
1.86192
1.86105
1.86017
1.85930
1.85842
1.85755
1.85667
1.85580
1.85492
1.85405
1.85317
1.85230
1.85142
1.85055
1.84967
1.84880
1.84792
1.84705
1.84617
1.84530
1.84442
1.84355
1.84267
1.84180
1.84092
1.84005
1.83917
1.83830
1.83742
1.83655
1.83567
1.83480
1.83392
1.83305
1.83217
1.83130
1.83042
1.82955
1.82867
1.82780
1.82692
1.82605
1.82517
1.82430
1.82342
1.82255
1.82168
1.82080
1.81993
1.81905
1.81818
1.81730
1.81643
1.81555
1.81468
1.81381
1.81293
1.81206
1.81118
1.81031
1.80943
1.80856
1.80769
1.80681
1.80594
1.80506
1.80419
1.80332
1.80244
1.80157
1.80069
1.79982
1.79895
1.79807
1.79720
1.79633
1.79545
1.79458
1.79371
1.79283
1.79196
1.79109
1.79021
1.78934
1.78847
1.78759
1.78672
1.78585
1.78497
1.78410
1.78323
1.78236
1.78148
1.78061
1.77974
1.77887
1.77799
1.77712
1.77625
1.77538
1.77450
1.77363
1.77276
1.77189
1.77102
1.77014
1.76927
1.76840
1.76753
1.76666
1.76578
1.76491
1.76404
1.76317
1.76230
1.76143
1.76056
1.75969
1.75881
1.75794
1.75707
1.75620
1.75533
1.75446
1.75359
1.75272
1.75185
1.75098
1.75011
1.74924
1.74837
1.74750
1.74663
1.74576
1.74489
1.74402
1.74315
1.74228
1.74141
1.74054
1.73967
1.73880
1.73793
1.73707
1.73620
1.73533
1.73446
1.73359
1.73272
1.73185
1.73098
1.73012
1.72925
1.72838
1.72751
1.72664
1.72578
1.72491
1.72404
1.72317
1.72231
1.72144
1.72057
1.71971
1.71884
1.71797
1.71710
1.71624
1.71537
1.71450
1.71364
1.71277
1.71191
1.71104
1.71017
1.70931
1.70844
1.70758
1.70671
1.70585
1.70498
1.70412
1.70325
1.70239
1.70152
1.70066
1.69979
1.69893
1.69806
1.69720
1.69633
1.69547
1.69461
1.69374
1.69288
1.69202
1.69115
1.69029
1.68943
1.68856
1.68770
1.68684
1.68597
1.68511
1.68425
1.68339
1.68252
1.68166
1.68080
1.67994
1.67908
1.67822
1.67735
1.67649
1.67563
1.67477
1.67391
1.67305
1.67219
1.67133
1.67047
1.66961
1.66875
1.66789
1.66703
1.66617
1.66531
1.66445
1.66359
1.66273
1.66187
1.66101
1.66015
1.65930
1.65844
1.65758
1.65672
1.65586
1.65500
1.65415
1.65329
1.65243
1.65158
1.65072
1.64986
1.64900
1.64815
1.64729
1.64643
1.64558
1.64472
1.64387
1.64301
1.64215
1.64130
1.64044
1.63959
1.63873
1.63788
1.63702
1.63617
1.63532
1.63446
1.63361
1.63275
1.63190
1.63105
1.63019
1.62934
1.62849
1.62763
1.62678
1.62593
1.62507
1.62422
1.62337
1.62252
1.62167
1.62082
1.61996
1.61911
1.61826
1.61741
1.61656
1.61571
1.61486
1.61401
1.61316
1.61231
1.61146
1.61061
1.60976
1.60891
1.60806
1.60721
1.60636
1.60551
1.60467
1.60382
1.60297
1.60212
1.60127
1.60043
1.59958
1.59873
1.59788
1.59704
1.59619
1.59534
1.59450
1.59365
1.59281
1.59196
1.59111
1.59027
1.58942
1.58858
1.58773
1.58689
1.58605
1.58520
1.58436
1.58351
1.58267
1.58183
1.58098
1.58014
1.57930
1.57845
1.57761
1.57677
1.57593
1.57508
1.57424
1.57340
1.57256
1.57172
1.57088
1.57004
1.56920
1.56836
1.56752
1.56668
1.56584
1.56500
1.56416
1.56332
1.56248
1.56164
1.56080
1.55996
1.55912
1.55829
1.55745
1.55661
1.55577
1.55494
1.55410
1.55326
1.55242
1.55159
1.55075
1.54992
1.54908
1.54824
1.54741
1.54657
1.54574
1.54490
1.54407
1.54324
1.54240
1.54157
1.54073
1.53990
1.53907
1.53823
1.53740
1.53657
1.53574
1.53490
1.53407
1.53324
1.53241
1.53158
1.53075
1.52991
1.52908
1.52825
1.52742
1.52659
1.52576
1.52493
1.52410
1.52327
1.52245
1.52162
1.52079
1.51996
1.51913
1.51830
1.51748
1.51665
1.51582
1.51500
1.51417
1.51334
1.51252
1.51169
1.51086
1.51004
1.50921
1.50839
1.50756
1.50674
1.50591
1.50509
1.50426
1.50344
1.50262
1.50179
1.50097
1.50015
1.49933
1.49850
1.49768
1.49686
1.49604
1.49522
1.49439
1.49357
1.49275
1.49193
1.49111
1.49029
1.48947
1.48865
1.48783
1.48701
1.48620
1.48538
1.48456
1.48374
1.48292
1.48210
1.48129
1.48047
1.47965
1.47884
1.47802
1.47720
1.47639
1.47557
1.47476
1.47394
1.47313
1.47231
1.47150
1.47068
1.46987
1.46906
1.46824
1.46743
1.46662
1.46580
1.46499
1.46418
1.46337
1.46255
1.46174
1.46093
1.46012
1.45931
1.45850
1.45769
1.45688
1.45607
1.45526
1.45445
1.45364
1.45283
1.45202
1.45122
1.45041
1.44960
1.44879
1.44799
1.44718
1.44637
1.44557
1.44476
1.44395
1.44315
1.44234
1.44154
1.44073
1.43993
1.43912
1.43832
1.43751
1.43671
1.43591
1.43510
1.43430
1.43350
1.43270
1.43190
1.43109
1.43029
1.42949
1.42869
1.42789
1.42709
1.42629
1.42549
1.42469
1.42389
1.42309
1.42229
1.42149
1.42070
1.41990
1.41910
1.41830
1.41750
1.41671
1.41591
1.41511
1.41432
1.41352
1.41273
1.41193
1.41114
1.41034
1.40955
1.40875
1.40796
1.40717
1.40637
1.40558
1.40479
1.40399
1.40320
1.40241
1.40162
1.40083
1.40004
1.39924
1.39845
1.39766
1.39687
1.39608
1.39529
1.39450
1.39372
1.39293
1.39214
1.39135
1.39056
1.38978
1.38899
1.38820
1.38741
1.38663
1.38584
1.38506
1.38427
1.38348
1.38270
1.38192
1.38113
1.38035
1.37956
1.37878
1.37800
1.37721
1.37643
1.37565
1.37487
1.37408
1.37330
1.37252
1.37174
1.37096
1.37018
1.36940
1.36862
1.36784
1.36706
1.36628
1.36550
1.36472
1.36395
1.36317
1.36239
1.36161
1.36084
1.36006
1.35928
1.35851
1.35773
1.35696
1.35618
1.35541
1.35463
1.35386
1.35308
1.35231
1.35154
1.35076
1.34999
1.34922
1.34845
1.34767
1.34690
1.34613
1.34536
1.34459
1.34382
1.34305
1.34228
1.34151
1.34074
1.33997
1.33920
1.33843
1.33767
1.33690
1.33613
1.33536
1.33460
1.33383
1.33306
1.33230
1.33153
1.33077
1.33000
1.32924
1.32847
1.32771
1.32694
1.32618
1.32542
1.32466
1.32389
1.32313
1.32237
1.32161
1.32085
1.32008
1.31932
1.31856
1.31780
1.31704
1.31628
1.31552
1.31477
1.31401
1.31325
1.31249
1.31173
1.31098
1.31022
1.30946
1.30871
1.30795
1.30719
1.30644
1.30568
1.30493
1.30417
1.30342
1.30267
1.30191
1.30116
1.30041
1.29965
1.29890
1.29815
1.29740
1.29665
1.29589
1.29514
1.29439
1.29364
1.29289
1.29214
1.29139
1.29064
1.28990
1.28915
1.28840
1.28765
1.28691
1.28616
1.28541
1.28467
1.28392
1.28317
1.28243
1.28168
1.28094
1.28019
1.27945
1.27871
1.27796
1.27722
1.27648
1.27573
1.27499
1.27425
1.27351
1.27277
1.27203
1.27128
1.27054
1.26980
1.26906
1.26833
1.26759
1.26685
1.26611
1.26537
1.26463
1.26390
1.26316
1.26242
1.26169
1.26095
1.26021
1.25948
1.25874
1.25801
1.25727
1.25654
1.25581
1.25507
1.25434
1.25361
1.25287
1.25214
1.25141
1.25068
1.24995
1.24922
1.24849
1.24776
1.24703
1.24630
1.24557
1.24484
1.24411
1.24338
1.24265
1.24193
1.24120
1.24047
1.23974
1.23902
1.23829
1.23757
1.23684
1.23612
1.23539
1.23467
1.23394
1.23322
1.23250
1.23177
1.23105
1.23033
1.22961
1.22888
1.22816
1.22744
1.22672
1.22600
1.22528
1.22456
1.22384
1.22312
1.22241
1.22169
1.22097
1.22025
1.21953
1.21882
1.21810
1.21738
1.21667
1.21595
1.21524
1.21452
1.21381
1.21309
1.21238
1.21167
1.21095
1.21024
1.20953
1.20881
1.20810
1.20739
1.20668
1.20597
1.20526
1.20455
1.20384
1.20313
1.20242
1.20171
1.20100
1.20029
1.19959
1.19888
1.19817
1.19746
1.19676
1.19605
1.19535
1.19464
1.19393
1.19323
1.19253
1.19182
1.19112
1.19041
1.18971
1.18901
1.18831
1.18760
1.18690
1.18620
1.18550
1.18480
1.18410
1.18340
1.18270
1.18200
1.18130
1.18060
1.17990
1.17920
1.17851
1.17781
1.17711
1.17642
1.17572
1.17502
1.17433
1.17363
1.17294
1.17224
1.17155
1.17086
1.17016
1.16947
1.16878
1.16808
1.16739
1.16670
1.16601
1.16532
1.16463
1.16394
1.16325
1.16256
1.16187
1.16118
1.16049
1.15980
1.15911
1.15842
1.15774
1.15705
1.15636
1.15568
1.15499
1.15431
1.15362
1.15294
1.15225
1.15157
1.15088
1.15020
1.14952
1.14883
1.14815
1.14747
1.14679
1.14611
1.14543
1.14474
1.14406
1.14338
1.14270
1.14203
1.14135
1.14067
1.13999
1.13931
1.13863
1.13796
1.13728
1.13660
1.13593
1.13525
1.13458
1.13390
1.13323
1.13255
1.13188
1.13120
1.13053
1.12986
1.12919
1.12851
1.12784
1.12717
1.12650
1.12583
1.12516
1.12449
1.12382
1.12315
1.12248
1.12181
1.12114
1.12047
1.11981
1.11914
1.11847
1.11780
1.11714
1.11647
1.11581
1.11514
1.11448
1.11381
1.11315
1.11248
1.11182
1.11116
1.11049
1.10983
1.10917
1.10851
1.10785
1.10719
1.10652
1.10586
1.10520
1.10454
1.10389
1.10323
1.10257
1.10191
1.10125
1.10059
1.09994
1.09928
1.09862
1.09797
1.09731
1.09666
1.09600
1.09535
1.09469
1.09404
1.09339
1.09273
1.09208
1.09143
1.09078
1.09012
1.08947
1.08882
1.08817
1.08752
1.08687
1.08622
1.08557
1.08492
1.08427
1.08363
1.08298
1.08233
1.08168
1.08104
1.08039
1.07974
1.07910
1.07845
1.07781
1.07716
1.07652
1.07587
1.07523
1.07459
1.07394
1.07330
1.07266
1.07202
1.07138
1.07074
1.07009
1.06945
1.06881
1.06817
1.06754
1.06690
1.06626
1.06562
1.06498
1.06434
1.06371
1.06307
1.06243
1.06180
1.06116
1.06053
1.05989
1.05926
1.05862
1.05799
1.05736
1.05672
1.05609
1.05546
1.05482
1.05419
1.05356
1.05293
1.05230
1.05167
1.05104
1.05041
1.04978
1.04915
1.04852
1.04789
1.04727
1.04664
1.04601
1.04539
1.04476
1.04413
1.04351
1.04288
1.04226
1.04163
1.04101
1.04038
1.03976
1.03914
1.03851
1.03789
1.03727
1.03665
1.03603
1.03541
1.03479
1.03416
1.03354
1.03293
1.03231
1.03169
1.03107
1.03045
1.02983
1.02922
1.02860
1.02798
1.02737
1.02675
1.02613
1.02552
1.02490
1.02429
1.02367
1.02306
1.02245
1.02183
1.02122
1.02061
1.02000
1.01939
1.01877
1.01816
1.01755
1.01694
1.01633
1.01572
1.01511
1.01450
1.01390
1.01329
1.01268
1.01207
1.01147
1.01086
1.01025
1.00965
1.00904
1.00844
1.00783
1.00723
1.00662
1.00602
1.00542
1.00481
1.00421
1.00361
1.00301
1.00240
1.00180
1.00120
1.00060
1.00000
0.99940
0.99880
0.99820
0.99760
0.99701
0.99641
0.99581
0.99521
0.99462
0.99402
0.99342
0.99283
0.99223
0.99164
0.99104
0.99045
0.98985
0.98926
0.98867
0.98807
0.98748
0.98689
0.98630
0.98571
0.98511
0.98452
0.98393
0.98334
0.98275
0.98216
0.98157
0.98099
0.98040
0.97981
0.97922
0.97864
0.97805
0.97746
0.97688
0.97629
0.97570
0.97512
0.97453
0.97395
0.97337
0.97278
0.97220
0.97162
0.97103
0.97045
0.96987
0.96929
0.96871
0.96813
0.96755
0.96697
0.96639
0.96581
0.96523
0.96465
0.96407
0.96349
0.96292
0.96234
0.96176
0.96119
0.96061
0.96003
0.95946
0.95888
0.95831
0.95773
0.95716
0.95659
0.95601
0.95544
0.95487
0.95430
0.95372
0.95315
0.95258
0.95201
0.95144
0.95087
0.95030
0.94973
0.94916
0.94859
0.94803
0.94746
0.94689
0.94632
0.94576
0.94519
0.94463
0.94406
0.94349
0.94293
0.94236
0.94180
0.94124
0.94067
0.94011
0.93955
0.93898
0.93842
0.93786
0.93730
0.93674
0.93618
0.93562
0.93506
0.93450
0.93394
0.93338
0.93282
0.93226
0.93171
0.93115
0.93059
0.93003
0.92948
0.92892
0.92837
0.92781
0.92726
0.92670
0.92615
0.92559
0.92504
0.92449
0.92393
0.92338
0.92283
0.92228
0.92173
0.92117
0.92062
0.92007
0.91952
0.91897
0.91842
0.91788
0.91733
0.91678
0.91623
0.91568
0.91514
0.91459
0.91404
0.91350
0.91295
0.91241
0.91186
0.91132
0.91077
0.91023
0.90969
0.90914
0.90860
0.90806
0.90751
0.90697
0.90643
0.90589
0.90535
0.90481
0.90427
0.90373
0.90319
0.90265
0.90211
0.90157
0.90104
0.90050
0.89996
0.89942
0.89889
0.89835
0.89782
0.89728
0.89675
0.89621
0.89568
0.89514
0.89461
0.89408
0.89354
0.89301
0.89248
0.89195
0.89142
0.89088
0.89035
0.88982
0.88929
0.88876
0.88823
0.88770
0.88718
0.88665
0.88612
0.88559
0.88506
0.88454
0.88401
0.88348
0.88296
0.88243
0.88191
0.88138
0.88086
0.88033
0.87981
0.87929
0.87876
0.87824
0.87772
0.87720
0.87668
0.87615
0.87563
0.87511
0.87459
0.87407
0.87355
0.87303
0.87252
0.87200
0.87148
0.87096
0.87044
0.86993
0.86941
0.86889
0.86838
0.86786
0.86735
0.86683
0.86632
0.86580
0.86529
0.86478
0.86426
0.86375
0.86324
0.86272
0.86221
0.86170
0.86119
0.86068
0.86017
0.85966
0.85915
0.85864
0.85813
0.85762
0.85711
0.85661
0.85610
0.85559
0.85508
0.85458
0.85407
0.85356
0.85306
0.85255
0.85205
0.85154
0.85104
0.85054
0.85003
0.84953
0.84903
0.84852
0.84802
0.84752
0.84702
0.84652
0.84602
0.84552
0.84502
0.84452
0.84402
0.84352
0.84302
0.84252
0.84202
0.84153
0.84103
0.84053
0.84004
0.83954
0.83904
0.83855
0.83805
0.83756
0.83706
0.83657
0.83608
0.83558
0.83509
0.83460
0.83411
0.83361
0.83312
0.83263
0.83214
0.83165
0.83116
0.83067
0.83018
0.82969
0.82920
0.82871
0.82822
0.82774
0.82725
0.82676
0.82627
0.82579
0.82530
0.82482
0.82433
0.82384
0.82336
0.82288
0.82239
0.82191
0.82142
0.82094
0.82046
0.81998
0.81949
0.81901
0.81853
0.81805
0.81757
0.81709
0.81661
0.81613
0.81565
0.81517
0.81469
0.81421
0.81373
0.81326
0.81278
0.81230
0.81183
0.81135
0.81087
0.81040
0.80992
0.80945
0.80897
0.80850
0.80803
0.80755
0.80708
0.80661
0.80613
0.80566
0.80519
0.80472
0.80425
0.80378
0.80331
0.80283
0.80236
0.80190
0.80143
0.80096
0.80049
0.80002
0.79955
0.79909
0.79862
0.79815
0.79769
0.79722
0.79675
0.79629
0.79582
0.79536
0.79489
0.79443
0.79397
0.79350
0.79304
0.79258
0.79211
0.79165
0.79119
0.79073
0.79027
0.78981
0.78935
0.78889
0.78843
0.78797
0.78751
0.78705
0.78659
0.78613
0.78568
0.78522
0.78476
0.78430
0.78385
0.78339
0.78294
0.78248
0.78203
0.78157
0.78112
0.78066
0.78021
0.77976
0.77930
0.77885
0.77840
0.77794
0.77749
0.77704
0.77659
0.77614
0.77569
0.77524
0.77479
0.77434
0.77389
0.77344
0.77299
0.77255
0.77210
0.77165
0.77120
0.77076
0.77031
0.76986
0.76942
0.76897
0.76853
0.76808
0.76764
0.76720
0.76675
0.76631
0.76586
0.76542
0.76498
0.76454
0.76410
0.76365
0.76321
0.76277
0.76233
0.76189
0.76145
0.76101
0.76057
0.76013
0.75970
0.75926
0.75882
0.75838
0.75795
0.75751
0.75707
0.75664
0.75620
0.75576
0.75533
0.75489
0.75446
0.75403
0.75359
0.75316
0.75272
0.75229
0.75186
0.75143
0.75099
0.75056
0.75013
0.74970
0.74927
0.74884
0.74841
0.74798
0.74755
0.74712
0.74669
0.74626
0.74584
0.74541
0.74498
0.74455
0.74413
0.74370
0.74328
0.74285
0.74242
0.74200
0.74157
0.74115
0.74073
0.74030
0.73988
0.73945
0.73903
0.73861
0.73819
0.73777
0.73734
0.73692
0.73650
0.73608
0.73566
0.73524
0.73482
0.73440
0.73398
0.73356
0.73315
0.73273
0.73231
0.73189
0.73147
0.73106
0.73064
0.73023
0.72981
0.72939
0.72898
0.72856
0.72815
0.72774
0.72732
0.72691
0.72649
0.72608
0.72567
0.72526
0.72485
0.72443
0.72402
0.72361
0.72320
0.72279
0.72238
0.72197
0.72156
0.72115
0.72074
0.72033
0.71993
0.71952
0.71911
0.71870
0.71830
0.71789
0.71748
0.71708
0.71667
0.71627
0.71586
0.71546
0.71505
0.71465
0.71424
0.71384
0.71344
0.71304
0.71263
0.71223
0.71183
0.71143
0.71103
0.71063
0.71022
0.70982
0.70942
0.70902
0.70863
0.70823
0.70783
0.70743
0.70703
0.70663
0.70624
0.70584
0.70544
0.70505
0.70465
0.70425
0.70386
0.70346
0.70307
0.70267
0.70228
0.70188
0.70149
0.70110
0.70070
0.70031
0.69992
0.69953
0.69913
0.69874
0.69835
0.69796
0.69757
0.69718
0.69679
0.69640
0.69601
0.69562
0.69523
0.69484
0.69446
0.69407
0.69368
0.69329
0.69291
0.69252
0.69213
0.69175
0.69136
0.69098
0.69059
0.69021
0.68982
0.68944
0.68906
0.68867
0.68829
0.68791
0.68752
0.68714
0.68676
0.68638
0.68600
0.68561
0.68523
0.68485
0.68447
0.68409
0.68371
0.68333
0.68296
0.68258
0.68220
0.68182
0.68144
0.68107
0.68069
0.68031
0.67993
0.67956
0.67918
0.67881
0.67843
0.67806
0.67768
0.67731
0.67693
0.67656
0.67619
0.67581
0.67544
0.67507
0.67470
0.67432
0.67395
0.67358
0.67321
0.67284
0.67247
0.67210
0.67173
0.67136
0.67099
0.67062
0.67025
0.66988
0.66952
0.66915
0.66878
0.66841
0.66805
0.66768
0.66731
0.66695
0.66658
0.66622
0.66585
0.66549
0.66512
0.66476
0.66439
0.66403
0.66367
0.66330
0.66294
0.66258
0.66222
0.66186
0.66149
0.66113
0.66077
0.66041
0.66005
0.65969
0.65933
0.65897
0.65861
0.65825
0.65790
0.65754
0.65718
0.65682
0.65646
0.65611
0.65575
0.65539
0.65504
0.65468
0.65433
0.65397
0.65362
0.65326
0.65291
0.65255
0.65220
0.65185
0.65149
0.65114
0.65079
0.65043
0.65008
0.64973
0.64938
0.64903
0.64868
0.64833
0.64798
0.64763
0.64728
0.64693
0.64658
0.64623
0.64588
0.64553
0.64518
0.64484
0.64449
0.64414
0.64380
0.64345
0.64310
0.64276
0.64241
0.64207
0.64172
0.64138
0.64103
0.64069
0.64034
0.64000
0.63966
0.63931
0.63897
0.63863
0.63829
0.63794
0.63760
0.63726
0.63692
0.63658
0.63624
0.63590
0.63556
0.63522
0.63488
0.63454
0.63420
0.63386
0.63352
0.63319
0.63285
0.63251
0.63218
0.63184
0.63150
0.63117
0.63083
0.63049
0.63016
0.62982
0.62949
0.62915
0.62882
0.62849
0.62815
0.62782
0.62749
0.62715
0.62682
0.62649
0.62616
0.62583
0.62549
0.62516
0.62483
0.62450
0.62417
0.62384
0.62351
0.62318
0.62285
0.62252
0.62220
0.62187
0.62154
0.62121
0.62088
0.62056
0.62023
0.61990
0.61958
0.61925
0.61893
0.61860
0.61828
0.61795
0.61763
0.61730
0.61698
0.61665
0.61633
0.61601
0.61568
0.61536
0.61504
0.61472
0.61439
0.61407
0.61375
0.61343
0.61311
0.61279
0.61247
0.61215
0.61183
0.61151
0.61119
0.61087
0.61055
0.61024
0.60992
0.60960
0.60928
0.60897
0.60865
0.60833
0.60802
0.60770
0.60738
0.60707
0.60675
0.60644
0.60612
0.60581
0.60550
0.60518
0.60487
0.60455
0.60424
0.60393
0.60362
0.60330
0.60299
0.60268
0.60237
0.60206
0.60175
0.60144
0.60113
0.60082
0.60051
0.60020
0.59989
0.59958
0.59927
0.59896
0.59865
0.59835
0.59804
0.59773
0.59742
0.59712
0.59681
0.59650
0.59620
0.59589
0.59559
0.59528
0.59498
0.59467
0.59437
0.59406
0.59376
0.59346
0.59315
0.59285
0.59255
0.59224
0.59194
0.59164
0.59134
0.59104
0.59074
0.59043
0.59013
0.58983
0.58953
0.58923
0.58893
0.58863
0.58834
0.58804
0.58774
0.58744
0.58714
0.58684
0.58655
0.58625
0.58595
0.58566
0.58536
0.58506
0.58477
0.58447
0.58418
0.58388
0.58359
0.58329
0.58300
0.58270
0.58241
0.58212
0.58182
0.58153
0.58124
0.58094
0.58065
0.58036
0.58007
0.57978
0.57949
0.57919
0.57890
0.57861
0.57832
0.57803
0.57774
0.57745
0.57717
0.57688
0.57659
0.57630
0.57601
0.57572
0.57544
0.57515
0.57486
0.57458
0.57429
0.57400
0.57372
0.57343
0.57315
0.57286
0.57258
0.57229
0.57201
0.57172
0.57144
0.57115
0.57087
0.57059
0.57030
0.57002
0.56974
0.56946
0.56918
0.56889
0.56861
0.56833
0.56805
0.56777
0.56749
0.56721
0.56693
0.56665
0.56637
0.56609
0.56581
0.56553
0.56526
0.56498
0.56470
0.56442
0.56414
0.56387
0.56359
0.56331
0.56304
0.56276
0.56249
0.56221
0.56193
0.56166
0.56138
0.56111
0.56084
0.56056
0.56029
0.56001
0.55974
0.55947
0.55919
0.55892
0.55865
0.55838
0.55811
0.55783
0.55756
0.55729
0.55702
0.55675
0.55648
0.55621
0.55594
0.55567
0.55540
0.55513
0.55486
0.55459
0.55433
0.55406
0.55379
0.55352
0.55326
0.55299
0.55272
0.55245
0.55219
0.55192
0.55166
0.55139
0.55112
0.55086
0.55059
0.55033
0.55007
0.54980
0.54954
0.54927
0.54901
0.54875
0.54848
0.54822
0.54796
0.54770
0.54743
0.54717
0.54691
0.54665
0.54639
0.54613
0.54587
0.54561
0.54535
0.54509
0.54483
0.54457
0.54431
0.54405
0.54379
0.54353
0.54327
0.54302
0.54276
0.54250
0.54224
0.54199
0.54173
0.54147
0.54122
0.54096
0.54071
0.54045
0.54020
0.53994
0.53969
0.53943
0.53918
0.53892
0.53867
0.53842
0.53816
0.53791
0.53766
0.53740
0.53715
0.53690
0.53665
0.53639
0.53614
0.53589
0.53564
0.53539
0.53514
0.53489
0.53464
0.53439
0.53414
0.53389
0.53364
0.53339
0.53314
0.53290
0.53265
0.53240
0.53215
0.53190
0.53166
0.53141
0.53116
0.53092
0.53067
0.53042
0.53018
0.52993
0.52969
0.52944
0.52920
0.52895
0.52871
0.52846
0.52822
0.52797
0.52773
0.52749
0.52724
0.52700
0.52676
0.52652
0.52627
0.52603
0.52579
0.52555
0.52531
0.52507
0.52483
0.52459
0.52435
0.52410
0.52386
0.52363
0.52339
0.52315
0.52291
0.52267
0.52243
0.52219
0.52195
0.52172
0.52148
0.52124
0.52100
0.52077
0.52053
0.52029
0.52006
0.51982
0.51959
0.51935
0.51911
0.51888
0.51864
0.51841
0.51817
0.51794
0.51771
0.51747
0.51724
0.51701
0.51677
0.51654
0.51631
0.51607
0.51584
0.51561
0.51538
0.51515
0.51492
0.51468
0.51445
0.51422
0.51399
0.51376
0.51353
0.51330
0.51307
0.51284
0.51261
0.51238
0.51216
0.51193
0.51170
0.51147
0.51124
0.51102
0.51079
0.51056
0.51033
0.51011
0.50988
0.50965
0.50943
0.50920
0.50898
0.50875
0.50853
0.50830
0.50808
0.50785
0.50763
0.50740
0.50718
0.50696
0.50673
0.50651
0.50629
0.50606
0.50584
0.50562
0.50540
0.50517
0.50495
0.50473
0.50451
0.50429
0.50407
0.50385
0.50363
0.50341
0.50319
0.50297
0.50275
0.50253
0.50231
0.50209
0.50187
0.50165
0.50143
0.50122
0.50100
0.50078
0.50056
0.50035
0.50013
0.49991
0.49969
0.49948
0.49926
0.49905
0.49883
0.49862
0.49840
0.49818
0.49797
0.49775
0.49754
0.49733
0.49711
0.49690
0.49668
0.49647
0.49626
0.49604
0.49583
0.49562
0.49541
0.49519
0.49498
0.49477
0.49456
0.49435
0.49414
0.49393
0.49372
0.49350
0.49329
0.49308
0.49287
0.49266
0.49246
0.49225
0.49204
0.49183
0.49162
0.49141
0.49120
0.49099
0.49079
0.49058
0.49037
0.49016
0.48996
0.48975
0.48954
0.48934
0.48913
0.48893
0.48872
0.48851
0.48831
0.48810
0.48790
0.48769
0.48749
0.48729
0.48708
0.48688
0.48667
0.48647
0.48627
0.48606
0.48586
0.48566
0.48546
0.48525
0.48505
0.48485
0.48465
0.48445
0.48425
0.48404
0.48384
0.48364
0.48344
0.48324
0.48304
0.48284
0.48264
0.48244
0.48224
0.48204
0.48185
0.48165
0.48145
0.48125
0.48105
0.48085
0.48066
0.48046
0.48026
0.48007
0.47987
0.47967
0.47948
0.47928
0.47908
0.47889
0.47869
0.47850
0.47830
0.47811
0.47791
0.47772
0.47752
0.47733
0.47713
0.47694
0.47675
0.47655
0.47636
0.47617
0.47597
0.47578
0.47559
0.47540
0.47520
0.47501
0.47482
0.47463
0.47444
0.47425
0.47406
0.47386
0.47367
0.47348
0.47329
0.47310
0.47291
0.47272
0.47254
0.47235
0.47216
0.47197
0.47178
0.47159
0.47140
0.47122
0.47103
0.47084
0.47065
0.47047
0.47028
0.47009
0.46991
0.46972
0.46953
0.46935
0.46916
0.46898
0.46879
0.46861
0.46842
0.46824
0.46805
0.46787
0.46768
0.46750
0.46731
0.46713
0.46695
0.46676
0.46658
0.46640
0.46622
0.46603
0.46585
0.46567
0.46549
0.46530
0.46512
0.46494
0.46476
0.46458
0.46440
0.46422
0.46404
0.46386
0.46368
0.46350
0.46332
0.46314
0.46296
0.46278
0.46260
0.46242
0.46224
0.46207
0.46189
0.46171
0.46153
0.46136
0.46118
0.46100
0.46082
0.46065
0.46047
0.46029
0.46012
0.45994
0.45977
0.45959
0.45942
0.45924
0.45907
0.45889
0.45872
0.45854
0.45837
0.45819
0.45802
0.45785
0.45767
0.45750
0.45733
0.45715
0.45698
0.45681
0.45664
0.45646
0.45629
0.45612
0.45595
0.45578
0.45561
0.45543
0.45526
0.45509
0.45492
0.45475
0.45458
0.45441
0.45424
0.45407
0.45390
0.45374
0.45357
0.45340
0.45323
0.45306
0.45289
0.45272
0.45256
0.45239
0.45222
0.45205
0.45189
0.45172
0.45155
0.45139
0.45122
0.45106
0.45089
0.45072
0.45056
0.45039
0.45023
0.45006
0.44990
0.44973
0.44957
0.44941
0.44924
0.44908
0.44891
0.44875
0.44859
0.44842
0.44826
0.44810
0.44794
0.44777
0.44761
0.44745
0.44729
0.44713
0.44697
0.44680
0.44664
0.44648
0.44632
0.44616
0.44600
0.44584
0.44568
0.44552
0.44536
0.44520
0.44504
0.44489
0.44473
0.44457
0.44441
0.44425
0.44409
0.44394
0.44378
0.44362
0.44346
0.44331
0.44315
0.44299
0.44284
0.44268
0.44253
0.44237
0.44221
0.44206
0.44190
0.44175
0.44159
0.44144
0.44128
0.44113
0.44098
0.44082
0.44067
0.44052
0.44036
0.44021
0.44006
0.43990
0.43975
0.43960
0.43945
0.43929
0.43914
0.43899
0.43884
0.43869
0.43854
0.43839
0.43824
0.43808
0.43793
0.43778
0.43763
0.43748
0.43734
0.43719
0.43704
0.43689
0.43674
0.43659
0.43644
0.43629
0.43615
0.43600
0.43585
0.43570
0.43556
0.43541
0.43526
0.43512
0.43497
0.43482
0.43468
0.43453
0.43439
0.43424
0.43409
0.43395
0.43380
0.43366
0.43352
0.43337
0.43323
0.43308
0.43294
0.43280
0.43265
0.43251
0.43237
0.43222
0.43208
0.43194
0.43180
0.43165
0.43151
0.43137
0.43123
0.43109
0.43095
0.43081
0.43067
0.43053
0.43039
0.43025
0.43011
0.42997
0.42983
0.42969
0.42955
0.42941
0.42927
0.42913
0.42899
0.42886
0.42872
0.42858
0.42844
0.42831
0.42817
0.42803
0.42790
0.42776
0.42762
0.42749
0.42735
0.42722
0.42708
0.42694
0.42681
0.42667
0.42654
0.42641
0.42627
0.42614
0.42600
0.42587
0.42574
0.42560
0.42547
0.42534
0.42520
0.42507
0.42494
0.42481
0.42468
0.42454
0.42441
0.42428
0.42415
0.42402
0.42389
0.42376
0.42363
0.42350
0.42337
0.42324
0.42311
0.42298
0.42285
0.42272
0.42259
0.42247
0.42234
0.42221
0.42208
0.42195
0.42183
0.42170
0.42157
0.42145
0.42132
0.42119
0.42107
0.42094
0.42081
0.42069
0.42056
0.42044
0.42031
0.42019
0.42006
0.41994
0.41982
0.41969
0.41957
0.41944
0.41932
0.41920
0.41908
0.41895
0.41883
0.41871
0.41859
0.41846
0.41834
0.41822
0.41810
0.41798
0.41786
0.41774
0.41762
0.41750
0.41738
0.41726
0.41714
0.41702
0.41690
0.41678
0.41666
0.41654
0.41643
0.41631
0.41619
0.41607
0.41596
0.41584
0.41572
0.41560
0.41549
0.41537
0.41526
0.41514
0.41502
0.41491
0.41479
0.41468
0.41456
0.41445
0.41433
0.41422
0.41411
0.41399
0.41388
0.41377
0.41365
0.41354
0.41343
0.41331
0.41320
0.41309
0.41298
0.41287
0.41276
0.41265
0.41253
0.41242
0.41231
0.41220
0.41209
0.41198
0.41187
0.41176
0.41165
0.41155
0.41144
0.41133
0.41122
0.41111
0.41100
0.41090
0.41079
0.41068
0.41058
0.41047
0.41036
0.41026
0.41015
0.41004
0.40994
0.40983
0.40973
0.40962
0.40952
0.40941
0.40931
0.40921
0.40910
0.40900
0.40890
0.40879
0.40869
0.40859
0.40848
0.40838
0.40828
0.40818
0.40808
0.40798
0.40787
0.40777
0.40767
0.40757
0.40747
0.40737
0.40727
0.40717
0.40707
0.40698
0.40688
0.40678
0.40668
0.40658
0.40648
0.40639
0.40629
0.40619
0.40609
0.40600
0.40590
0.40580
0.40571
0.40561
0.40552
0.40542
0.40533
0.40523
0.40514
0.40504
0.40495
0.40485
0.40476
0.40467
0.40457
0.40448
0.40439
0.40430
0.40420
0.40411
0.40402
0.40393
0.40384
0.40375
0.40365
0.40356
0.40347
0.40338
0.40329
0.40320
0.40311
0.40302
0.40294
0.40285
0.40276
0.40267
0.40258
0.40249
0.40241
0.40232
0.40223
0.40214
0.40206
0.40197
0.40189
0.40180
0.40171
0.40163
0.40154
0.40146
0.40137
0.40129
0.40120
0.40112
0.40104
0.40095
0.40087
0.40079
0.40070
0.40062
0.40054
0.40045
0.40037
0.40029
0.40021
0.40013
0.40005
0.39997
0.39989
0.39981
0.39973
0.39965
0.39957
0.39949
0.39941
0.39933
0.39925
0.39917
0.39909
0.39902
0.39894
0.39886
0.39878
0.39871
0.39863
0.39855
0.39848
0.39840
0.39832
0.39825
0.39817
0.39810
0.39802
0.39795
0.39787
0.39780
0.39773
0.39765
0.39758
0.39750
0.39743
0.39736
0.39729
0.39721
0.39714
0.39707
0.39700
0.39693
0.39686
0.39678
0.39671
0.39664
0.39657
0.39650
0.39643
0.39636
0.39629
0.39623
0.39616
0.39609
0.39602
0.39595
0.39588
0.39582
0.39575
0.39568
0.39561
0.39555
0.39548
0.39541
0.39535
0.39528
0.39522
0.39515
0.39509
0.39502
0.39496
0.39489
0.39483
0.39476
0.39470
0.39464
0.39457
0.39451
0.39445
0.39438
0.39432
0.39426
0.39420
0.39414
0.39407
0.39401
0.39395
0.39389
0.39383
0.39377
0.39371
0.39365
0.39359
0.39353
0.39347
0.39341
0.39335
0.39329
0.39323
0.39317
0.39312
0.39306
0.39300
0.39294
0.39289
0.39283
0.39277
0.39272
0.39266
0.39260
0.39255
0.39249
0.39243
0.39238
0.39232
0.39227
0.39221
0.39216
0.39210
0.39205
0.39200
0.39194
0.39189
0.39183
0.39178
0.39173
0.39168
0.39162
0.39157
0.39152
0.39147
0.39141
0.39136
0.39131
0.39126
0.39121
0.39116
0.39111
0.39105
0.39100
0.39095
0.39090
0.39085
0.39080
0.39075
0.39070
0.39066
0.39061
0.39056
0.39051
0.39046
0.39041
0.39036
0.39032
0.39027
0.39022
0.39017
0.39012
0.39008
0.39003
0.38998
0.38994
0.38989
0.38984
0.38980
0.38975
0.38970
0.38966
0.38961
0.38957
0.38952
0.38948
0.38943
0.38939
0.38934
0.38930
0.38925
0.38921
0.38916
0.38912
0.38907
0.38903
0.38899
0.38894
0.38890
0.38885
0.38881
0.38877
0.38872
0.38868
0.38864
0.38859
0.38855
0.38851
0.38847
0.38842
0.38838
0.38834
0.38830
0.38825
0.38821
0.38817
0.38813
0.38809
0.38805
0.38800
0.38796
0.38792
0.38788
0.38784
0.38780
0.38776
0.38771
0.38767
0.38763
0.38759
0.38755
0.38751
0.38747
0.38743
0.38739
0.38735
0.38731
0.38727
0.38722
0.38718
0.38714
0.38710
0.38706
0.38702
0.38698
0.38694
0.38690
0.38686
0.38682
0.38678
0.38674
0.38670
0.38666
0.38662
0.38658
0.38654
0.38650
0.38646
0.38642
0.38638
0.38633
0.38629
0.38625
0.38621
0.38617
0.38613
0.38609
0.38605
0.38601
0.38597
0.38593
0.38589
0.38585
0.38580
0.38576
0.38572
0.38568
0.38564
0.38560
0.38556
0.38551
0.38547
0.38543
0.38539
0.38535
0.38530
0.38526
0.38522
0.38518
0.38513
0.38509
0.38505
0.38500
0.38496
0.38492
0.38487
0.38483
0.38478
0.38474
0.38470
0.38465
0.38461
0.38456
0.38452
0.38447
0.38443
0.38438
0.38433
0.38429
0.38424
0.38420
0.38415
0.38410
0.38405
0.38401
0.38396
0.38391
0.38386
0.38381
0.38377
0.38372
0.38367
0.38362
0.38357
0.38352
0.38347
0.38342
0.38337
0.38331
0.38326
0.38321
0.38316
0.38310
0.38305
0.38300
0.38294
0.38289
0.38284
0.38278
0.38273
0.38267
0.38261
0.38256
0.38250
0.38244
0.38239
0.38233
0.38227
0.38221
0.38215
0.38209
0.38203
0.38197
0.38191
0.38185
0.38178
0.38172
0.38166
0.38160
0.38153
0.38147
0.38140
0.38134
0.38127
0.38120
0.38113
0.38107
0.38100
0.38093
0.38086
0.38079
0.38072
0.38065
0.38058
0.38050
0.38043
0.38036
0.38028
0.38021
0.38013
0.38005
0.37998
0.37990
0.37982
0.37974
0.37966
0.37958
0.37950
0.37942
0.37933
0.37925
0.37917
0.37908
0.37899
0.37891
0.37882
0.37873
0.37864
0.37855
0.37846
0.37837
0.37828
0.37818
0.37809
0.37800
0.37790
0.37780
0.37770
0.37761
0.37751
0.37741
0.37730
0.37720
0.37710
0.37699
0.37689
0.37678
0.37667
0.37657
0.37646
0.37635
0.37623
0.37612
0.37601
0.37589
0.37578
0.37566
0.37554
0.37542
0.37530
0.37518
0.37506
0.37494
0.37481
0.37468
0.37456
0.37443
0.37430
0.37417
0.37403
0.37390
0.37377
0.37363
0.37349
0.37335
0.37321
0.37307
0.37293
0.37278
0.37264
0.37249
0.37234
0.37219
0.37204
0.37189
0.37174
0.37158
