-3.00000
-2.99940
-2.99880
-2.99820
-2.99760
-2.99700
-2.99640
-2.99580
-2.99520
-2.99460
-2.99400
-2.99340
-2.99280
-2.99220
-2.99160
-2.99100
-2.99040
-2.98980
-2.98920
-2.98860
-2.98800
-2.98740
-2.98680
-2.98620
-2.98560
-2.98500
-2.98440
-2.98380
-2.98320
-2.98260
-2.98200
-2.98140
-2.98080
-2.98020
-2.97960
-2.97900
-2.97840
-2.97780
-2.97720
-2.97660
-2.97600
-2.97540
-2.97480
-2.97420
-2.97360
-2.97300
-2.97240
-2.97180
-2.97120
-2.97060
-2.97000
-2.96940
-2.96880
-2.96820
-2.96760
-2.96700
-2.96640
-2.96580
-2.96520
-2.96460
-2.96400
-2.96340
-2.96280
-2.96220
-2.96160
-2.96100
-2.96040
-2.95980
-2.95920
-2.95860
-2.95800
-2.95740
-2.95680
-2.95620
-2.95560
-2.95500
-2.95440
-2.95380
-2.95320
-2.95260
-2.95200
-2.95140
-2.95080
-2.95020
-2.94960
-2.94900
-2.94840
-2.94780
-2.94720
-2.94660
-2.94600
-2.94540
-2.94480
-2.94420
-2.94360
-2.94300
-2.94240
-2.94180
-2.94120
-2.94060
-2.94000
-2.93940
-2.93880
-2.93820
-2.93760
-2.93700
-2.93640
-2.93580
-2.93520
-2.93460
-2.93400
-2.93340
-2.93280
-2.93220
-2.93160
-2.93100
-2.93040
-2.92980
-2.92920
-2.92860
-2.92800
-2.92740
-2.92680
-2.92620
-2.92560
-2.92500
-2.92440
-2.92380
-2.92320
-2.92260
-2.92200
-2.92140
-2.92080
-2.92020
-2.91960
-2.91900
-2.91840
-2.91780
-2.91720
-2.91660
-2.91600
-2.91540
-2.91480
-2.91420
-2.91360
-2.91300
-2.91240
-2.91180
-2.91120
-2.91060
-2.91000
-2.90940
-2.90880
-2.90820
-2.90760
-2.90700
-2.90640
-2.90580
-2.90520
-2.90460
-2.90400
-2.90340
-2.90280
-2.90220
-2.90160
-2.90100
-2.90040
-2.89980
-2.89920
-2.89860
-2.89800
-2.89740
-2.89680
-2.89620
-2.89560
-2.89500
-2.89440
-2.89380
-2.89320
-2.89260
-2.89200
-2.89140
-2.89080
-2.89020
-2.88960
-2.88900
-2.88840
-2.88780
-2.88720
-2.88660
-2.88600
-2.88540
-2.88480
-2.88420
-2.88360
-2.88300
-2.88240
-2.88180
-2.88120
-2.88060
-2.88000
-2.87940
-2.87880
-2.87820
-2.87760
-2.87700
-2.87640
-2.87580
-2.87520
-2.87460
-2.87400
-2.87340
-2.87280
-2.87220
-2.87160
-2.87100
-2.87040
-2.86980
-2.86920
-2.86860
-2.86800
-2.86740
-2.86680
-2.86620
-2.86560
-2.86500
-2.86440
-2.86380
-2.86320
-2.86260
-2.86200
-2.86140
-2.86080
-2.86020
-2.85960
-2.85900
-2.85840
-2.85780
-2.85720
-2.85660
-2.85600
-2.85540
-2.85480
-2.85420
-2.85360
-2.85300
-2.85240
-2.85180
-2.85120
-2.85060
-2.85000
-2.84940
-2.84880
-2.84820
-2.84760
-2.84700
-2.84640
-2.84580
-2.84520
-2.84460
-2.84400
-2.84340
-2.84280
-2.84220
-2.84160
-2.84100
-2.84040
-2.83980
-2.83920
-2.83860
-2.83800
-2.83740
-2.83680
-2.83620
-2.83560
-2.83500
-2.83440
-2.83380
-2.83320
-2.83260
-2.83200
-2.83140
-2.83080
-2.83020
-2.82960
-2.82900
-2.82840
-2.82780
-2.82720
-2.82660
-2.82600
-2.82540
-2.82480
-2.82420
-2.82360
-2.82300
-2.82240
-2.82180
-2.82120
-2.82060
-2.82000
-2.81940
-2.81880
-2.81820
-2.81760
-2.81700
-2.81640
-2.81580
-2.81520
-2.81460
-2.81400
-2.81340
-2.81280
-2.81220
-2.81160
-2.81100
-2.81040
-2.80980
-2.80920
-2.80860
-2.80800
-2.80740
-2.80680
-2.80620
-2.80560
-2.80500
-2.80440
-2.80380
-2.80320
-2.80260
-2.80200
-2.80140
-2.80080
-2.80020
-2.79960
-2.79900
-2.79840
-2.79780
-2.79720
-2.79660
-2.79600
-2.79540
-2.79480
-2.79420
-2.79360
-2.79300
-2.79240
-2.79180
-2.79120
-2.79060
-2.79000
-2.78940
-2.78880
-2.78820
-2.78760
-2.78700
-2.78640
-2.78580
-2.78520
-2.78460
-2.78400
-2.78340
-2.78280
-2.78220
-2.78160
-2.78100
-2.78040
-2.77980
-2.77920
-2.77860
-2.77800
-2.77740
-2.77680
-2.77620
-2.77560
-2.77500
-2.77440
-2.77380
-2.77320
-2.77260
-2.77200
-2.77140
-2.77080
-2.77020
-2.76960
-2.76900
-2.76840
-2.76780
-2.76720
-2.76660
-2.76600
-2.76540
-2.76480
-2.76420
-2.76360
-2.76300
-2.76240
-2.76180
-2.76120
-2.76060
-2.76000
-2.75940
-2.75880
-2.75820
-2.75760
-2.75700
-2.75640
-2.75580
-2.75520
-2.75460
-2.75400
-2.75340
-2.75280
-2.75220
-2.75160
-2.75100
-2.75040
-2.74980
-2.74920
-2.74860
-2.74800
-2.74740
-2.74680
-2.74620
-2.74560
-2.74500
-2.74440
-2.74380
-2.74320
-2.74260
-2.74200
-2.74140
-2.74080
-2.74020
-2.73960
-2.73900
-2.73840
-2.73780
-2.73720
-2.73660
-2.73600
-2.73540
-2.73480
-2.73420
-2.73360
-2.73300
-2.73240
-2.73180
-2.73120
-2.73060
-2.73000
-2.72940
-2.72880
-2.72820
-2.72760
-2.72700
-2.72640
-2.72580
-2.72520
-2.72460
-2.72400
-2.72340
-2.72280
-2.72220
-2.72160
-2.72100
-2.72040
-2.71980
-2.71920
-2.71860
-2.71800
-2.71740
-2.71680
-2.71620
-2.71560
-2.71500
-2.71440
-2.71380
-2.71320
-2.71260
-2.71200
-2.71140
-2.71080
-2.71020
-2.70960
-2.70900
-2.70840
-2.70780
-2.70720
-2.70660
-2.70600
-2.70540
-2.70480
-2.70420
-2.70360
-2.70300
-2.70240
-2.70180
-2.70120
-2.70060
-2.70000
-2.69940
-2.69880
-2.69820
-2.69760
-2.69700
-2.69640
-2.69580
-2.69520
-2.69460
-2.69400
-2.69340
-2.69280
-2.69220
-2.69160
-2.69100
-2.69040
-2.68980
-2.68920
-2.68860
-2.68800
-2.68740
-2.68680
-2.68620
-2.68560
-2.68500
-2.68440
-2.68380
-2.68320
-2.68260
-2.68200
-2.68140
-2.68080
-2.68020
-2.67960
-2.67900
-2.67840
-2.67780
-2.67720
-2.67660
-2.67600
-2.67540
-2.67480
-2.67420
-2.67360
-2.67300
-2.67240
-2.67180
-2.67120
-2.67060
-2.67000
-2.66940
-2.66880
-2.66820
-2.66760
-2.66700
-2.66640
-2.66580
-2.66520
-2.66460
-2.66400
-2.66340
-2.66280
-2.66220
-2.66160
-2.66100
-2.66040
-2.65980
-2.65920
-2.65860
-2.65800
-2.65740
-2.65680
-2.65620
-2.65560
-2.65500
-2.65440
-2.65380
-2.65320
-2.65260
-2.65200
-2.65140
-2.65080
-2.65020
-2.64960
-2.64900
-2.64840
-2.64780
-2.64720
-2.64660
-2.64600
-2.64540
-2.64480
-2.64420
-2.64360
-2.64300
-2.64240
-2.64180
-2.64120
-2.64060
-2.64000
-2.63940
-2.63880
-2.63820
-2.63760
-2.63700
-2.63640
-2.63580
-2.63520
-2.63460
-2.63400
-2.63340
-2.63280
-2.63220
-2.63160
-2.63100
-2.63040
-2.62980
-2.62920
-2.62860
-2.62800
-2.62740
-2.62680
-2.62620
-2.62560
-2.62500
-2.62440
-2.62380
-2.62320
-2.62260
-2.62200
-2.62140
-2.62080
-2.62020
-2.61960
-2.61900
-2.61840
-2.61780
-2.61720
-2.61660
-2.61600
-2.61540
-2.61480
-2.61420
-2.61360
-2.61300
-2.61240
-2.61180
-2.61120
-2.61060
-2.61000
-2.60940
-2.60880
-2.60820
-2.60760
-2.60700
-2.60640
-2.60580
-2.60520
-2.60460
-2.60400
-2.60340
-2.60280
-2.60220
-2.60160
-2.60100
-2.60040
-2.59980
-2.59920
-2.59860
-2.59800
-2.59740
-2.59680
-2.59620
-2.59560
-2.59500
-2.59440
-2.59380
-2.59320
-2.59260
-2.59200
-2.59140
-2.59080
-2.59020
-2.58960
-2.58900
-2.58840
-2.58780
-2.58720
-2.58660
-2.58600
-2.58540
-2.58480
-2.58420
-2.58360
-2.58300
-2.58240
-2.58180
-2.58120
-2.58060
-2.58000
-2.57940
-2.57880
-2.57820
-2.57760
-2.57700
-2.57640
-2.57580
-2.57520
-2.57460
-2.57400
-2.57340
-2.57280
-2.57220
-2.57160
-2.57100
-2.57040
-2.56980
-2.56920
-2.56860
-2.56800
-2.56740
-2.56680
-2.56620
-2.56560
-2.56500
-2.56440
-2.56380
-2.56320
-2.56260
-2.56200
-2.56140
-2.56080
-2.56020
-2.55960
-2.55900
-2.55840
-2.55780
-2.55720
-2.55660
-2.55600
-2.55540
-2.55480
-2.55420
-2.55360
-2.55300
-2.55240
-2.55180
-2.55120
-2.55060
-2.55000
-2.54940
-2.54880
-2.54820
-2.54760
-2.54700
-2.54640
-2.54580
-2.54520
-2.54460
-2.54400
-2.54340
-2.54280
-2.54220
-2.54160
-2.54100
-2.54040
-2.53980
-2.53920
-2.53860
-2.53800
-2.53740
-2.53680
-2.53620
-2.53560
-2.53500
-2.53440
-2.53380
-2.53320
-2.53260
-2.53200
-2.53140
-2.53080
-2.53020
-2.52960
-2.52900
-2.52840
-2.52780
-2.52720
-2.52660
-2.52600
-2.52540
-2.52480
-2.52420
-2.52360
-2.52300
-2.52240
-2.52180
-2.52120
-2.52060
-2.52000
-2.51940
-2.51880
-2.51820
-2.51760
-2.51700
-2.51640
-2.51580
-2.51520
-2.51460
-2.51400
-2.51340
-2.51280
-2.51220
-2.51160
-2.51100
-2.51040
-2.50980
-2.50920
-2.50860
-2.50800
-2.50740
-2.50680
-2.50620
-2.50560
-2.50500
-2.50440
-2.50380
-2.50320
-2.50260
-2.50200
-2.50140
-2.50080
-2.50020
-2.49960
-2.49900
-2.49840
-2.49780
-2.49720
-2.49660
-2.49600
-2.49540
-2.49480
-2.49420
-2.49360
-2.49300
-2.49240
-2.49180
-2.49120
-2.49060
-2.49000
-2.48940
-2.48880
-2.48820
-2.48760
-2.48700
-2.48640
-2.48580
-2.48520
-2.48460
-2.48400
-2.48340
-2.48280
-2.48220
-2.48160
-2.48100
-2.48040
-2.47980
-2.47920
-2.47860
-2.47800
-2.47740
-2.47680
-2.47620
-2.47560
-2.47500
-2.47440
-2.47380
-2.47320
-2.47260
-2.47200
-2.47140
-2.47080
-2.47020
-2.46960
-2.46900
-2.46840
-2.46780
-2.46720
-2.46660
-2.46600
-2.46540
-2.46480
-2.46420
-2.46360
-2.46300
-2.46240
-2.46180
-2.46120
-2.46060
-2.46000
-2.45940
-2.45880
-2.45820
-2.45760
-2.45700
-2.45640
-2.45580
-2.45520
-2.45460
-2.45400
-2.45340
-2.45280
-2.45220
-2.45160
-2.45100
-2.45040
-2.44980
-2.44920
-2.44860
-2.44800
-2.44740
-2.44680
-2.44620
-2.44560
-2.44500
-2.44440
-2.44380
-2.44320
-2.44260
-2.44200
-2.44140
-2.44080
-2.44020
-2.43960
-2.43900
-2.43840
-2.43780
-2.43720
-2.43660
-2.43600
-2.43540
-2.43480
-2.43420
-2.43360
-2.43300
-2.43240
-2.43180
-2.43120
-2.43060
-2.43000
-2.42940
-2.42880
-2.42820
-2.42760
-2.42700
-2.42640
-2.42580
-2.42520
-2.42460
-2.42400
-2.42340
-2.42280
-2.42220
-2.42160
-2.42100
-2.42040
-2.41980
-2.41920
-2.41860
-2.41800
-2.41740
-2.41680
-2.41620
-2.41560
-2.41500
-2.41440
-2.41380
-2.41320
-2.41260
-2.41200
-2.41140
-2.41080
-2.41020
-2.40960
-2.40900
-2.40840
-2.40780
-2.40720
-2.40660
-2.40600
-2.40540
-2.40480
-2.40420
-2.40360
-2.40300
-2.40240
-2.40180
-2.40120
-2.40060
-2.40000
-2.39940
-2.39880
-2.39820
-2.39760
-2.39700
-2.39640
-2.39580
-2.39520
-2.39460
-2.39400
-2.39340
-2.39280
-2.39220
-2.39160
-2.39100
-2.39040
-2.38980
-2.38920
-2.38860
-2.38800
-2.38740
-2.38680
-2.38620
-2.38560
-2.38500
-2.38440
-2.38380
-2.38320
-2.38260
-2.38200
-2.38140
-2.38080
-2.38020
-2.37960
-2.37900
-2.37840
-2.37780
-2.37720
-2.37660
-2.37600
-2.37540
-2.37480
-2.37420
-2.37360
-2.37300
-2.37240
-2.37180
-2.37120
-2.37060
-2.37000
-2.36940
-2.36880
-2.36820
-2.36760
-2.36700
-2.36640
-2.36580
-2.36520
-2.36460
-2.36400
-2.36340
-2.36280
-2.36220
-2.36160
-2.36100
-2.36040
-2.35980
-2.35920
-2.35860
-2.35800
-2.35740
-2.35680
-2.35620
-2.35560
-2.35500
-2.35440
-2.35380
-2.35320
-2.35260
-2.35200
-2.35140
-2.35080
-2.35020
-2.34960
-2.34900
-2.34840
-2.34780
-2.34720
-2.34660
-2.34600
-2.34540
-2.34480
-2.34420
-2.34360
-2.34300
-2.34240
-2.34180
-2.34120
-2.34060
-2.34000
-2.33940
-2.33880
-2.33820
-2.33760
-2.33700
-2.33640
-2.33580
-2.33520
-2.33460
-2.33400
-2.33340
-2.33280
-2.33220
-2.33160
-2.33100
-2.33040
-2.32980
-2.32920
-2.32860
-2.32800
-2.32740
-2.32680
-2.32620
-2.32560
-2.32500
-2.32440
-2.32380
-2.32320
-2.32260
-2.32200
-2.32140
-2.32080
-2.32020
-2.31960
-2.31900
-2.31840
-2.31780
-2.31720
-2.31660
-2.31600
-2.31540
-2.31480
-2.31420
-2.31360
-2.31300
-2.31240
-2.31180
-2.31120
-2.31060
-2.31000
-2.30940
-2.30880
-2.30820
-2.30760
-2.30700
-2.30640
-2.30580
-2.30520
-2.30460
-2.30400
-2.30340
-2.30280
-2.30220
-2.30160
-2.30100
-2.30040
-2.29980
-2.29920
-2.29860
-2.29800
-2.29740
-2.29680
-2.29620
-2.29560
-2.29500
-2.29440
-2.29380
-2.29320
-2.29260
-2.29200
-2.29140
-2.29080
-2.29020
-2.28960
-2.28900
-2.28840
-2.28780
-2.28720
-2.28660
-2.28600
-2.28540
-2.28480
-2.28420
-2.28360
-2.28300
-2.28240
-2.28180
-2.28120
-2.28060
-2.28000
-2.27940
-2.27880
-2.27820
-2.27760
-2.27700
-2.27640
-2.27580
-2.27520
-2.27460
-2.27400
-2.27340
-2.27280
-2.27220
-2.27160
-2.27100
-2.27040
-2.26980
-2.26920
-2.26860
-2.26800
-2.26740
-2.26680
-2.26620
-2.26560
-2.26500
-2.26440
-2.26380
-2.26320
-2.26260
-2.26200
-2.26140
-2.26080
-2.26020
-2.25960
-2.25900
-2.25840
-2.25780
-2.25720
-2.25660
-2.25600
-2.25540
-2.25480
-2.25420
-2.25360
-2.25300
-2.25240
-2.25180
-2.25120
-2.25060
-2.25000
-2.24940
-2.24880
-2.24820
-2.24760
-2.24700
-2.24640
-2.24580
-2.24520
-2.24460
-2.24400
-2.24340
-2.24280
-2.24220
-2.24160
-2.24100
-2.24040
-2.23980
-2.23920
-2.23860
-2.23800
-2.23740
-2.23680
-2.23620
-2.23560
-2.23500
-2.23440
-2.23380
-2.23320
-2.23260
-2.23200
-2.23140
-2.23080
-2.23020
-2.22960
-2.22900
-2.22840
-2.22780
-2.22720
-2.22660
-2.22600
-2.22540
-2.22480
-2.22420
-2.22360
-2.22300
-2.22240
-2.22180
-2.22120
-2.22060
-2.22000
-2.21940
-2.21880
-2.21820
-2.21760
-2.21700
-2.21640
-2.21580
-2.21520
-2.21460
-2.21400
-2.21340
-2.21280
-2.21220
-2.21160
-2.21100
-2.21040
-2.20980
-2.20920
-2.20860
-2.20800
-2.20740
-2.20680
-2.20620
-2.20560
-2.20500
-2.20440
-2.20380
-2.20320
-2.20260
-2.20200
-2.20140
-2.20080
-2.20020
-2.19960
-2.19900
-2.19840
-2.19780
-2.19720
-2.19660
-2.19600
-2.19540
-2.19480
-2.19420
-2.19360
-2.19300
-2.19240
-2.19180
-2.19120
-2.19060
-2.19000
-2.18940
-2.18880
-2.18820
-2.18760
-2.18700
-2.18640
-2.18580
-2.18520
-2.18460
-2.18400
-2.18340
-2.18280
-2.18220
-2.18160
-2.18100
-2.18040
-2.17980
-2.17920
-2.17860
-2.17800
-2.17740
-2.17680
-2.17620
-2.17560
-2.17500
-2.17440
-2.17380
-2.17320
-2.17260
-2.17200
-2.17140
-2.17080
-2.17020
-2.16960
-2.16900
-2.16840
-2.16780
-2.16720
-2.16660
-2.16600
-2.16540
-2.16480
-2.16420
-2.16360
-2.16300
-2.16240
-2.16180
-2.16120
-2.16060
-2.16000
-2.15940
-2.15880
-2.15820
-2.15760
-2.15700
-2.15640
-2.15580
-2.15520
-2.15460
-2.15400
-2.15340
-2.15280
-2.15220
-2.15160
-2.15100
-2.15040
-2.14980
-2.14920
-2.14860
-2.14800
-2.14740
-2.14680
-2.14620
-2.14560
-2.14500
-2.14440
-2.14380
-2.14320
-2.14260
-2.14200
-2.14140
-2.14080
-2.14020
-2.13960
-2.13900
-2.13840
-2.13780
-2.13720
-2.13660
-2.13600
-2.13540
-2.13480
-2.13420
-2.13360
-2.13300
-2.13240
-2.13180
-2.13120
-2.13060
-2.13000
-2.12940
-2.12880
-2.12820
-2.12760
-2.12700
-2.12640
-2.12580
-2.12520
-2.12460
-2.12400
-2.12340
-2.12280
-2.12220
-2.12160
-2.12100
-2.12040
-2.11980
-2.11920
-2.11860
-2.11800
-2.11740
-2.11680
-2.11620
-2.11560
-2.11500
-2.11440
-2.11380
-2.11320
-2.11260
-2.11200
-2.11140
-2.11080
-2.11020
-2.10960
-2.10900
-2.10840
-2.10780
-2.10720
-2.10660
-2.10600
-2.10540
-2.10480
-2.10420
-2.10360
-2.10300
-2.10240
-2.10180
-2.10120
-2.10060
-2.10000
-2.09940
-2.09880
-2.09820
-2.09760
-2.09700
-2.09640
-2.09580
-2.09520
-2.09460
-2.09400
-2.09340
-2.09280
-2.09220
-2.09160
-2.09100
-2.09040
-2.08980
-2.08920
-2.08860
-2.08800
-2.08740
-2.08680
-2.08620
-2.08560
-2.08500
-2.08440
-2.08380
-2.08320
-2.08260
-2.08200
-2.08140
-2.08080
-2.08020
-2.07960
-2.07900
-2.07840
-2.07780
-2.07720
-2.07660
-2.07600
-2.07540
-2.07480
-2.07420
-2.07360
-2.07300
-2.07240
-2.07180
-2.07120
-2.07060
-2.07000
-2.06940
-2.06880
-2.06820
-2.06760
-2.06700
-2.06640
-2.06580
-2.06520
-2.06460
-2.06400
-2.06340
-2.06280
-2.06220
-2.06160
-2.06100
-2.06040
-2.05980
-2.05920
-2.05860
-2.05800
-2.05740
-2.05680
-2.05620
-2.05560
-2.05500
-2.05440
-2.05380
-2.05320
-2.05260
-2.05200
-2.05140
-2.05080
-2.05020
-2.04960
-2.04900
-2.04840
-2.04780
-2.04720
-2.04660
-2.04600
-2.04540
-2.04480
-2.04420
-2.04360
-2.04300
-2.04240
-2.04180
-2.04120
-2.04060
-2.04000
-2.03940
-2.03880
-2.03820
-2.03760
-2.03700
-2.03640
-2.03580
-2.03520
-2.03460
-2.03400
-2.03340
-2.03280
-2.03220
-2.03160
-2.03100
-2.03040
-2.02980
-2.02920
-2.02860
-2.02800
-2.02740
-2.02680
-2.02620
-2.02560
-2.02500
-2.02440
-2.02380
-2.02320
-2.02260
-2.02200
-2.02140
-2.02080
-2.02020
-2.01960
-2.01900
-2.01840
-2.01780
-2.01720
-2.01660
-2.01600
-2.01540
-2.01480
-2.01420
-2.01360
-2.01300
-2.01240
-2.01180
-2.01120
-2.01060
-2.01000
-2.00940
-2.00880
-2.00820
-2.00760
-2.00700
-2.00640
-2.00580
-2.00520
-2.00460
-2.00400
-2.00340
-2.00280
-2.00220
-2.00160
-2.00100
-2.00040
-1.99980
-1.99920
-1.99860
-1.99800
-1.99740
-1.99680
-1.99620
-1.99560
-1.99500
-1.99440
-1.99380
-1.99320
-1.99260
-1.99200
-1.99140
-1.99080
-1.99020
-1.98960
-1.98900
-1.98840
-1.98780
-1.98720
-1.98660
-1.98600
-1.98540
-1.98480
-1.98420
-1.98360
-1.98300
-1.98240
-1.98180
-1.98120
-1.98060
-1.98000
-1.97940
-1.97880
-1.97820
-1.97760
-1.97700
-1.97640
-1.97580
-1.97520
-1.97460
-1.97400
-1.97340
-1.97280
-1.97220
-1.97160
-1.97100
-1.97040
-1.96980
-1.96920
-1.96860
-1.96800
-1.96740
-1.96680
-1.96620
-1.96560
-1.96500
-1.96440
-1.96380
-1.96320
-1.96260
-1.96200
-1.96140
-1.96080
-1.96020
-1.95960
-1.95900
-1.95840
-1.95780
-1.95720
-1.95660
-1.95600
-1.95540
-1.95480
-1.95420
-1.95360
-1.95300
-1.95240
-1.95180
-1.95120
-1.95060
-1.95000
-1.94940
-1.94880
-1.94820
-1.94760
-1.94700
-1.94640
-1.94580
-1.94520
-1.94460
-1.94400
-1.94340
-1.94280
-1.94220
-1.94160
-1.94100
-1.94040
-1.93980
-1.93920
-1.93860
-1.93800
-1.93740
-1.93680
-1.93620
-1.93560
-1.93500
-1.93440
-1.93380
-1.93320
-1.93260
-1.93200
-1.93140
-1.93080
-1.93020
-1.92960
-1.92900
-1.92840
-1.92780
-1.92720
-1.92660
-1.92600
-1.92540
-1.92480
-1.92420
-1.92360
-1.92300
-1.92240
-1.92180
-1.92120
-1.92060
-1.92000
-1.91940
-1.91880
-1.91820
-1.91760
-1.91700
-1.91640
-1.91580
-1.91520
-1.91460
-1.91400
-1.91340
-1.91280
-1.91220
-1.91160
-1.91100
-1.91040
-1.90980
-1.90920
-1.90860
-1.90800
-1.90740
-1.90680
-1.90620
-1.90560
-1.90500
-1.90440
-1.90380
-1.90320
-1.90260
-1.90200
-1.90140
-1.90080
-1.90020
-1.89960
-1.89900
-1.89840
-1.89780
-1.89720
-1.89660
-1.89600
-1.89540
-1.89480
-1.89420
-1.89360
-1.89300
-1.89240
-1.89180
-1.89120
-1.89060
-1.89000
-1.88940
-1.88880
-1.88820
-1.88760
-1.88700
-1.88640
-1.88580
-1.88520
-1.88460
-1.88400
-1.88340
-1.88280
-1.88220
-1.88160
-1.88100
-1.88040
-1.87980
-1.87920
-1.87860
-1.87800
-1.87740
-1.87680
-1.87620
-1.87560
-1.87500
-1.87440
-1.87380
-1.87320
-1.87260
-1.87200
-1.87140
-1.87080
-1.87020
-1.86960
-1.86900
-1.86840
-1.86780
-1.86720
-1.86660
-1.86600
-1.86540
-1.86480
-1.86420
-1.86360
-1.86300
-1.86240
-1.86180
-1.86120
-1.86060
-1.86000
-1.85940
-1.85880
-1.85820
-1.85760
-1.85700
-1.85640
-1.85580
-1.85520
-1.85460
-1.85400
-1.85340
-1.85280
-1.85220
-1.85160
-1.85100
-1.85040
-1.84980
-1.84920
-1.84860
-1.84800
-1.84740
-1.84680
-1.84620
-1.84560
-1.84500
-1.84440
-1.84380
-1.84320
-1.84260
-1.84200
-1.84140
-1.84080
-1.84020
-1.83960
-1.83900
-1.83840
-1.83780
-1.83720
-1.83660
-1.83600
-1.83540
-1.83480
-1.83420
-1.83360
-1.83300
-1.83240
-1.83180
-1.83120
-1.83060
-1.83000
-1.82940
-1.82880
-1.82820
-1.82760
-1.82700
-1.82640
-1.82580
-1.82520
-1.82460
-1.82400
-1.82340
-1.82280
-1.82220
-1.82160
-1.82100
-1.82040
-1.81980
-1.81920
-1.81860
-1.81800
-1.81740
-1.81680
-1.81620
-1.81560
-1.81500
-1.81440
-1.81380
-1.81320
-1.81260
-1.81200
-1.81140
-1.81080
-1.81020
-1.80960
-1.80900
-1.80840
-1.80780
-1.80720
-1.80660
-1.80600
-1.80540
-1.80480
-1.80420
-1.80360
-1.80300
-1.80240
-1.80180
-1.80120
-1.80060
-1.80000
-1.79940
-1.79880
-1.79820
-1.79760
-1.79700
-1.79640
-1.79580
-1.79520
-1.79460
-1.79400
-1.79340
-1.79280
-1.79220
-1.79160
-1.79100
-1.79040
-1.78980
-1.78920
-1.78860
-1.78800
-1.78740
-1.78680
-1.78620
-1.78560
-1.78500
-1.78440
-1.78380
-1.78320
-1.78260
-1.78200
-1.78140
-1.78080
-1.78020
-1.77960
-1.77900
-1.77840
-1.77780
-1.77720
-1.77660
-1.77600
-1.77540
-1.77480
-1.77420
-1.77360
-1.77300
-1.77240
-1.77180
-1.77120
-1.77060
-1.77000
-1.76940
-1.76880
-1.76820
-1.76760
-1.76700
-1.76640
-1.76580
-1.76520
-1.76460
-1.76400
-1.76340
-1.76280
-1.76220
-1.76160
-1.76100
-1.76040
-1.75980
-1.75920
-1.75860
-1.75800
-1.75740
-1.75680
-1.75620
-1.75560
-1.75500
-1.75440
-1.75380
-1.75320
-1.75260
-1.75200
-1.75140
-1.75080
-1.75020
-1.74960
-1.74900
-1.74840
-1.74780
-1.74720
-1.74660
-1.74600
-1.74540
-1.74480
-1.74420
-1.74360
-1.74300
-1.74240
-1.74180
-1.74120
-1.74060
-1.74000
-1.73940
-1.73880
-1.73820
-1.73760
-1.73700
-1.73640
-1.73580
-1.73520
-1.73460
-1.73400
-1.73340
-1.73280
-1.73220
-1.73160
-1.73100
-1.73040
-1.72980
-1.72920
-1.72860
-1.72800
-1.72740
-1.72680
-1.72620
-1.72560
-1.72500
-1.72440
-1.72380
-1.72320
-1.72260
-1.72200
-1.72140
-1.72080
-1.72020
-1.71960
-1.71900
-1.71840
-1.71780
-1.71720
-1.71660
-1.71600
-1.71540
-1.71480
-1.71420
-1.71360
-1.71300
-1.71240
-1.71180
-1.71120
-1.71060
-1.71000
-1.70940
-1.70880
-1.70820
-1.70760
-1.70700
-1.70640
-1.70580
-1.70520
-1.70460
-1.70400
-1.70340
-1.70280
-1.70220
-1.70160
-1.70100
-1.70040
-1.69980
-1.69920
-1.69860
-1.69800
-1.69740
-1.69680
-1.69620
-1.69560
-1.69500
-1.69440
-1.69380
-1.69320
-1.69260
-1.69200
-1.69140
-1.69080
-1.69020
-1.68960
-1.68900
-1.68840
-1.68780
-1.68720
-1.68660
-1.68600
-1.68540
-1.68480
-1.68420
-1.68360
-1.68300
-1.68240
-1.68180
-1.68120
-1.68060
-1.68000
-1.67940
-1.67880
-1.67820
-1.67760
-1.67700
-1.67640
-1.67580
-1.67520
-1.67460
-1.67400
-1.67340
-1.67280
-1.67220
-1.67160
-1.67100
-1.67040
-1.66980
-1.66920
-1.66860
-1.66800
-1.66740
-1.66680
-1.66620
-1.66560
-1.66500
-1.66440
-1.66380
-1.66320
-1.66260
-1.66200
-1.66140
-1.66080
-1.66020
-1.65960
-1.65900
-1.65840
-1.65780
-1.65720
-1.65660
-1.65600
-1.65540
-1.65480
-1.65420
-1.65360
-1.65300
-1.65240
-1.65180
-1.65120
-1.65060
-1.65000
-1.64940
-1.64880
-1.64820
-1.64760
-1.64700
-1.64640
-1.64580
-1.64520
-1.64460
-1.64400
-1.64340
-1.64280
-1.64220
-1.64160
-1.64100
-1.64040
-1.63980
-1.63920
-1.63860
-1.63800
-1.63740
-1.63680
-1.63620
-1.63560
-1.63500
-1.63440
-1.63380
-1.63320
-1.63260
-1.63200
-1.63140
-1.63080
-1.63020
-1.62960
-1.62900
-1.62840
-1.62780
-1.62720
-1.62660
-1.62600
-1.62540
-1.62480
-1.62420
-1.62360
-1.62300
-1.62240
-1.62180
-1.62120
-1.62060
-1.62000
-1.61940
-1.61880
-1.61820
-1.61760
-1.61700
-1.61640
-1.61580
-1.61520
-1.61460
-1.61400
-1.61340
-1.61280
-1.61220
-1.61160
-1.61100
-1.61040
-1.60980
-1.60920
-1.60860
-1.60800
-1.60740
-1.60680
-1.60620
-1.60560
-1.60500
-1.60440
-1.60380
-1.60320
-1.60260
-1.60200
-1.60140
-1.60080
-1.60020
-1.59960
-1.59900
-1.59840
-1.59780
-1.59720
-1.59660
-1.59600
-1.59540
-1.59480
-1.59420
-1.59360
-1.59300
-1.59240
-1.59180
-1.59120
-1.59060
-1.59000
-1.58940
-1.58880
-1.58820
-1.58760
-1.58700
-1.58640
-1.58580
-1.58520
-1.58460
-1.58400
-1.58340
-1.58280
-1.58220
-1.58160
-1.58100
-1.58040
-1.57980
-1.57920
-1.57860
-1.57800
-1.57740
-1.57680
-1.57620
-1.57560
-1.57500
-1.57440
-1.57380
-1.57320
-1.57260
-1.57200
-1.57140
-1.57080
-1.57020
-1.56960
-1.56900
-1.56840
-1.56780
-1.56720
-1.56660
-1.56600
-1.56540
-1.56480
-1.56420
-1.56360
-1.56300
-1.56240
-1.56180
-1.56120
-1.56060
-1.56000
-1.55940
-1.55880
-1.55820
-1.55760
-1.55700
-1.55640
-1.55580
-1.55520
-1.55460
-1.55400
-1.55340
-1.55280
-1.55220
-1.55160
-1.55100
-1.55040
-1.54980
-1.54920
-1.54860
-1.54800
-1.54740
-1.54680
-1.54620
-1.54560
-1.54500
-1.54440
-1.54380
-1.54320
-1.54260
-1.54200
-1.54140
-1.54080
-1.54020
-1.53960
-1.53900
-1.53840
-1.53780
-1.53720
-1.53660
-1.53600
-1.53540
-1.53480
-1.53420
-1.53360
-1.53300
-1.53240
-1.53180
-1.53120
-1.53060
-1.53000
-1.52940
-1.52880
-1.52820
-1.52760
-1.52700
-1.52640
-1.52580
-1.52520
-1.52460
-1.52400
-1.52340
-1.52280
-1.52220
-1.52160
-1.52100
-1.52040
-1.51980
-1.51920
-1.51860
-1.51800
-1.51740
-1.51680
-1.51620
-1.51560
-1.51500
-1.51440
-1.51380
-1.51320
-1.51260
-1.51200
-1.51140
-1.51080
-1.51020
-1.50960
-1.50900
-1.50840
-1.50780
-1.50720
-1.50660
-1.50600
-1.50540
-1.50480
-1.50420
-1.50360
-1.50300
-1.50240
-1.50180
-1.50120
-1.50060
-1.50000
-1.49940
-1.49880
-1.49820
-1.49760
-1.49700
-1.49640
-1.49580
-1.49520
-1.49460
-1.49400
-1.49340
-1.49280
-1.49220
-1.49160
-1.49100
-1.49040
-1.48980
-1.48920
-1.48860
-1.48800
-1.48740
-1.48680
-1.48620
-1.48560
-1.48500
-1.48440
-1.48380
-1.48320
-1.48260
-1.48200
-1.48140
-1.48080
-1.48020
-1.47960
-1.47900
-1.47840
-1.47780
-1.47720
-1.47660
-1.47600
-1.47540
-1.47480
-1.47420
-1.47360
-1.47300
-1.47240
-1.47180
-1.47120
-1.47060
-1.47000
-1.46940
-1.46880
-1.46820
-1.46760
-1.46700
-1.46640
-1.46580
-1.46520
-1.46460
-1.46400
-1.46340
-1.46280
-1.46220
-1.46160
-1.46100
-1.46040
-1.45980
-1.45920
-1.45860
-1.45800
-1.45740
-1.45680
-1.45620
-1.45560
-1.45500
-1.45440
-1.45380
-1.45320
-1.45260
-1.45200
-1.45140
-1.45080
-1.45020
-1.44960
-1.44900
-1.44840
-1.44780
-1.44720
-1.44660
-1.44600
-1.44540
-1.44480
-1.44420
-1.44360
-1.44300
-1.44240
-1.44180
-1.44120
-1.44060
-1.44000
-1.43940
-1.43880
-1.43820
-1.43760
-1.43700
-1.43640
-1.43580
-1.43520
-1.43460
-1.43400
-1.43340
-1.43280
-1.43220
-1.43160
-1.43100
-1.43040
-1.42980
-1.42920
-1.42860
-1.42800
-1.42740
-1.42680
-1.42620
-1.42560
-1.42500
-1.42440
-1.42380
-1.42320
-1.42260
-1.42200
-1.42140
-1.42080
-1.42020
-1.41960
-1.41900
-1.41840
-1.41780
-1.41720
-1.41660
-1.41600
-1.41540
-1.41480
-1.41420
-1.41360
-1.41300
-1.41240
-1.41180
-1.41120
-1.41060
-1.41000
-1.40940
-1.40880
-1.40820
-1.40760
-1.40700
-1.40640
-1.40580
-1.40520
-1.40460
-1.40400
-1.40340
-1.40280
-1.40220
-1.40160
-1.40100
-1.40040
-1.39980
-1.39920
-1.39860
-1.39800
-1.39740
-1.39680
-1.39620
-1.39560
-1.39500
-1.39440
-1.39380
-1.39320
-1.39260
-1.39200
-1.39140
-1.39080
-1.39020
-1.38960
-1.38900
-1.38840
-1.38780
-1.38720
-1.38660
-1.38600
-1.38540
-1.38480
-1.38420
-1.38360
-1.38300
-1.38240
-1.38180
-1.38120
-1.38060
-1.38000
-1.37940
-1.37880
-1.37820
-1.37760
-1.37700
-1.37640
-1.37580
-1.37520
-1.37460
-1.37400
-1.37340
-1.37280
-1.37220
-1.37160
-1.37100
-1.37040
-1.36980
-1.36920
-1.36860
-1.36800
-1.36740
-1.36680
-1.36620
-1.36560
-1.36500
-1.36440
-1.36380
-1.36320
-1.36260
-1.36200
-1.36140
-1.36080
-1.36020
-1.35960
-1.35900
-1.35840
-1.35780
-1.35720
-1.35660
-1.35600
-1.35540
-1.35480
-1.35420
-1.35360
-1.35300
-1.35240
-1.35180
-1.35120
-1.35060
-1.35000
-1.34940
-1.34880
-1.34820
-1.34760
-1.34700
-1.34640
-1.34580
-1.34520
-1.34460
-1.34400
-1.34340
-1.34280
-1.34220
-1.34160
-1.34100
-1.34040
-1.33980
-1.33920
-1.33860
-1.33800
-1.33740
-1.33680
-1.33620
-1.33560
-1.33500
-1.33440
-1.33380
-1.33320
-1.33260
-1.33200
-1.33140
-1.33080
-1.33020
-1.32960
-1.32900
-1.32840
-1.32780
-1.32720
-1.32660
-1.32600
-1.32540
-1.32480
-1.32420
-1.32360
-1.32300
-1.32240
-1.32180
-1.32120
-1.32060
-1.32000
-1.31940
-1.31880
-1.31820
-1.31760
-1.31700
-1.31640
-1.31580
-1.31520
-1.31460
-1.31400
-1.31340
-1.31280
-1.31220
-1.31160
-1.31100
-1.31040
-1.30980
-1.30920
-1.30860
-1.30800
-1.30740
-1.30680
-1.30620
-1.30560
-1.30500
-1.30440
-1.30380
-1.30320
-1.30260
-1.30200
-1.30140
-1.30080
-1.30020
-1.29960
-1.29900
-1.29840
-1.29780
-1.29720
-1.29660
-1.29600
-1.29540
-1.29480
-1.29420
-1.29360
-1.29300
-1.29240
-1.29180
-1.29120
-1.29060
-1.29000
-1.28940
-1.28880
-1.28820
-1.28760
-1.28700
-1.28640
-1.28580
-1.28520
-1.28460
-1.28400
-1.28340
-1.28280
-1.28220
-1.28160
-1.28100
-1.28040
-1.27980
-1.27920
-1.27860
-1.27800
-1.27740
-1.27680
-1.27620
-1.27560
-1.27500
-1.27440
-1.27380
-1.27320
-1.27260
-1.27200
-1.27140
-1.27080
-1.27020
-1.26960
-1.26900
-1.26840
-1.26780
-1.26720
-1.26660
-1.26600
-1.26540
-1.26480
-1.26420
-1.26360
-1.26300
-1.26240
-1.26180
-1.26120
-1.26060
-1.26000
-1.25940
-1.25880
-1.25820
-1.25760
-1.25700
-1.25640
-1.25580
-1.25520
-1.25460
-1.25400
-1.25340
-1.25280
-1.25220
-1.25160
-1.25100
-1.25040
-1.24980
-1.24920
-1.24860
-1.24800
-1.24740
-1.24680
-1.24620
-1.24560
-1.24500
-1.24440
-1.24380
-1.24320
-1.24260
-1.24200
-1.24140
-1.24080
-1.24020
-1.23960
-1.23900
-1.23840
-1.23780
-1.23720
-1.23660
-1.23600
-1.23540
-1.23480
-1.23420
-1.23360
-1.23300
-1.23240
-1.23180
-1.23120
-1.23060
-1.23000
-1.22940
-1.22880
-1.22820
-1.22760
-1.22700
-1.22640
-1.22580
-1.22520
-1.22460
-1.22400
-1.22340
-1.22280
-1.22220
-1.22160
-1.22100
-1.22040
-1.21980
-1.21920
-1.21860
-1.21800
-1.21740
-1.21680
-1.21620
-1.21560
-1.21500
-1.21440
-1.21380
-1.21320
-1.21260
-1.21200
-1.21140
-1.21080
-1.21020
-1.20960
-1.20900
-1.20840
-1.20780
-1.20720
-1.20660
-1.20600
-1.20540
-1.20480
-1.20420
-1.20360
-1.20300
-1.20240
-1.20180
-1.20120
-1.20060
-1.20000
-1.19940
-1.19880
-1.19820
-1.19760
-1.19700
-1.19640
-1.19580
-1.19520
-1.19460
-1.19400
-1.19340
-1.19280
-1.19220
-1.19160
-1.19100
-1.19040
-1.18980
-1.18920
-1.18860
-1.18800
-1.18740
-1.18680
-1.18620
-1.18560
-1.18500
-1.18440
-1.18380
-1.18320
-1.18260
-1.18200
-1.18140
-1.18080
-1.18020
-1.17960
-1.17900
-1.17840
-1.17780
-1.17720
-1.17660
-1.17600
-1.17540
-1.17480
-1.17420
-1.17360
-1.17300
-1.17240
-1.17180
-1.17120
-1.17060
-1.17000
-1.16940
-1.16880
-1.16820
-1.16760
-1.16700
-1.16640
-1.16580
-1.16520
-1.16460
-1.16400
-1.16340
-1.16280
-1.16220
-1.16160
-1.16100
-1.16040
-1.15980
-1.15920
-1.15860
-1.15800
-1.15740
-1.15680
-1.15620
-1.15560
-1.15500
-1.15440
-1.15380
-1.15320
-1.15260
-1.15200
-1.15140
-1.15080
-1.15020
-1.14960
-1.14900
-1.14840
-1.14780
-1.14720
-1.14660
-1.14600
-1.14540
-1.14480
-1.14420
-1.14360
-1.14300
-1.14240
-1.14180
-1.14120
-1.14060
-1.14000
-1.13940
-1.13880
-1.13820
-1.13760
-1.13700
-1.13640
-1.13580
-1.13520
-1.13460
-1.13400
-1.13340
-1.13280
-1.13220
-1.13160
-1.13100
-1.13040
-1.12980
-1.12920
-1.12860
-1.12800
-1.12740
-1.12680
-1.12620
-1.12560
-1.12500
-1.12440
-1.12380
-1.12320
-1.12260
-1.12200
-1.12140
-1.12080
-1.12020
-1.11960
-1.11900
-1.11840
-1.11780
-1.11720
-1.11660
-1.11600
-1.11540
-1.11480
-1.11420
-1.11360
-1.11300
-1.11240
-1.11180
-1.11120
-1.11060
-1.11000
-1.10940
-1.10880
-1.10820
-1.10760
-1.10700
-1.10640
-1.10580
-1.10520
-1.10460
-1.10400
-1.10340
-1.10280
-1.10220
-1.10160
-1.10100
-1.10040
-1.09980
-1.09920
-1.09860
-1.09800
-1.09740
-1.09680
-1.09620
-1.09560
-1.09500
-1.09440
-1.09380
-1.09320
-1.09260
-1.09200
-1.09140
-1.09080
-1.09020
-1.08960
-1.08900
-1.08840
-1.08780
-1.08720
-1.08660
-1.08600
-1.08540
-1.08480
-1.08420
-1.08360
-1.08300
-1.08240
-1.08180
-1.08120
-1.08060
-1.08000
-1.07940
-1.07880
-1.07820
-1.07760
-1.07700
-1.07640
-1.07580
-1.07520
-1.07460
-1.07400
-1.07340
-1.07280
-1.07220
-1.07160
-1.07100
-1.07040
-1.06980
-1.06920
-1.06860
-1.06800
-1.06740
-1.06680
-1.06620
-1.06560
-1.06500
-1.06440
-1.06380
-1.06320
-1.06260
-1.06200
-1.06140
-1.06080
-1.06020
-1.05960
-1.05900
-1.05840
-1.05780
-1.05720
-1.05660
-1.05600
-1.05540
-1.05480
-1.05420
-1.05360
-1.05300
-1.05240
-1.05180
-1.05120
-1.05060
-1.05000
-1.04940
-1.04880
-1.04820
-1.04760
-1.04700
-1.04640
-1.04580
-1.04520
-1.04460
-1.04400
-1.04340
-1.04280
-1.04220
-1.04160
-1.04100
-1.04040
-1.03980
-1.03920
-1.03860
-1.03800
-1.03740
-1.03680
-1.03620
-1.03560
-1.03500
-1.03440
-1.03380
-1.03320
-1.03260
-1.03200
-1.03140
-1.03080
-1.03020
-1.02960
-1.02900
-1.02840
-1.02780
-1.02720
-1.02660
-1.02600
-1.02540
-1.02480
-1.02420
-1.02360
-1.02300
-1.02240
-1.02180
-1.02120
-1.02060
-1.02000
-1.01940
-1.01880
-1.01820
-1.01760
-1.01700
-1.01640
-1.01580
-1.01520
-1.01460
-1.01400
-1.01340
-1.01280
-1.01220
-1.01160
-1.01100
-1.01040
-1.00980
-1.00920
-1.00860
-1.00800
-1.00740
-1.00680
-1.00620
-1.00560
-1.00500
-1.00440
-1.00380
-1.00320
-1.00260
-1.00200
-1.00140
-1.00080
-1.00020
-0.99960
-0.99900
-0.99840
-0.99780
-0.99720
-0.99660
-0.99600
-0.99540
-0.99480
-0.99420
-0.99360
-0.99300
-0.99240
-0.99180
-0.99120
-0.99060
-0.99000
-0.98940
-0.98880
-0.98820
-0.98760
-0.98700
-0.98640
-0.98580
-0.98520
-0.98460
-0.98400
-0.98340
-0.98280
-0.98220
-0.98160
-0.98100
-0.98040
-0.97980
-0.97920
-0.97860
-0.97800
-0.97740
-0.97680
-0.97620
-0.97560
-0.97500
-0.97440
-0.97380
-0.97320
-0.97260
-0.97200
-0.97140
-0.97080
-0.97020
-0.96960
-0.96900
-0.96840
-0.96780
-0.96720
-0.96660
-0.96600
-0.96540
-0.96480
-0.96420
-0.96360
-0.96300
-0.96240
-0.96180
-0.96120
-0.96060
-0.96000
-0.95940
-0.95880
-0.95820
-0.95760
-0.95700
-0.95640
-0.95580
-0.95520
-0.95460
-0.95400
-0.95340
-0.95280
-0.95220
-0.95160
-0.95100
-0.95040
-0.94980
-0.94920
-0.94860
-0.94800
-0.94740
-0.94680
-0.94620
-0.94560
-0.94500
-0.94440
-0.94380
-0.94320
-0.94260
-0.94200
-0.94140
-0.94080
-0.94020
-0.93960
-0.93900
-0.93840
-0.93780
-0.93720
-0.93660
-0.93600
-0.93540
-0.93480
-0.93420
-0.93360
-0.93300
-0.93240
-0.93180
-0.93120
-0.93060
-0.93000
-0.92940
-0.92880
-0.92820
-0.92760
-0.92700
-0.92640
-0.92580
-0.92520
-0.92460
-0.92400
-0.92340
-0.92280
-0.92220
-0.92160
-0.92100
-0.92040
-0.91980
-0.91920
-0.91860
-0.91800
-0.91740
-0.91680
-0.91620
-0.91560
-0.91500
-0.91440
-0.91380
-0.91320
-0.91260
-0.91200
-0.91140
-0.91080
-0.91020
-0.90960
-0.90900
-0.90840
-0.90780
-0.90720
-0.90660
-0.90600
-0.90540
-0.90480
-0.90420
-0.90360
-0.90300
-0.90240
-0.90180
-0.90120
-0.90060
-0.90000
-0.89940
-0.89880
-0.89820
-0.89760
-0.89700
-0.89640
-0.89580
-0.89520
-0.89460
-0.89400
-0.89340
-0.89280
-0.89220
-0.89160
-0.89100
-0.89040
-0.88980
-0.88920
-0.88860
-0.88800
-0.88740
-0.88680
-0.88620
-0.88560
-0.88500
-0.88440
-0.88380
-0.88320
-0.88260
-0.88200
-0.88140
-0.88080
-0.88020
-0.87960
-0.87900
-0.87840
-0.87780
-0.87720
-0.87660
-0.87600
-0.87540
-0.87480
-0.87420
-0.87360
-0.87300
-0.87240
-0.87180
-0.87120
-0.87060
-0.87000
-0.86940
-0.86880
-0.86820
-0.86760
-0.86700
-0.86640
-0.86580
-0.86520
-0.86460
-0.86400
-0.86340
-0.86280
-0.86220
-0.86160
-0.86100
-0.86040
-0.85980
-0.85920
-0.85860
-0.85800
-0.85740
-0.85680
-0.85620
-0.85560
-0.85500
-0.85440
-0.85380
-0.85320
-0.85260
-0.85200
-0.85140
-0.85080
-0.85020
-0.84960
-0.84900
-0.84840
-0.84780
-0.84720
-0.84660
-0.84600
-0.84540
-0.84480
-0.84420
-0.84360
-0.84300
-0.84240
-0.84180
-0.84120
-0.84060
-0.84000
-0.83940
-0.83880
-0.83820
-0.83760
-0.83700
-0.83640
-0.83580
-0.83520
-0.83460
-0.83400
-0.83340
-0.83280
-0.83220
-0.83160
-0.83100
-0.83040
-0.82980
-0.82920
-0.82860
-0.82800
-0.82740
-0.82680
-0.82620
-0.82560
-0.82500
-0.82440
-0.82380
-0.82320
-0.82260
-0.82200
-0.82140
-0.82080
-0.82020
-0.81960
-0.81900
-0.81840
-0.81780
-0.81720
-0.81660
-0.81600
-0.81540
-0.81480
-0.81420
-0.81360
-0.81300
-0.81240
-0.81180
-0.81120
-0.81060
-0.81000
-0.80940
-0.80880
-0.80820
-0.80760
-0.80700
-0.80640
-0.80580
-0.80520
-0.80460
-0.80400
-0.80340
-0.80280
-0.80220
-0.80160
-0.80100
-0.80040
-0.79980
-0.79920
-0.79860
-0.79800
-0.79740
-0.79680
-0.79620
-0.79560
-0.79500
-0.79440
-0.79380
-0.79320
-0.79260
-0.79200
-0.79140
-0.79080
-0.79020
-0.78960
-0.78900
-0.78840
-0.78780
-0.78720
-0.78660
-0.78600
-0.78540
-0.78480
-0.78420
-0.78360
-0.78300
-0.78240
-0.78180
-0.78120
-0.78060
-0.78000
-0.77940
-0.77880
-0.77820
-0.77760
-0.77700
-0.77640
-0.77580
-0.77520
-0.77460
-0.77400
-0.77340
-0.77280
-0.77220
-0.77160
-0.77100
-0.77040
-0.76980
-0.76920
-0.76860
-0.76800
-0.76740
-0.76680
-0.76620
-0.76560
-0.76500
-0.76440
-0.76380
-0.76320
-0.76260
-0.76200
-0.76140
-0.76080
-0.76020
-0.75960
-0.75900
-0.75840
-0.75780
-0.75720
-0.75660
-0.75600
-0.75540
-0.75480
-0.75420
-0.75360
-0.75300
-0.75240
-0.75180
-0.75120
-0.75060
-0.75000
-0.74940
-0.74880
-0.74820
-0.74760
-0.74700
-0.74640
-0.74580
-0.74520
-0.74460
-0.74400
-0.74340
-0.74280
-0.74220
-0.74160
-0.74100
-0.74040
-0.73980
-0.73920
-0.73860
-0.73800
-0.73740
-0.73680
-0.73620
-0.73560
-0.73500
-0.73440
-0.73380
-0.73320
-0.73260
-0.73200
-0.73140
-0.73080
-0.73020
-0.72960
-0.72900
-0.72840
-0.72780
-0.72720
-0.72660
-0.72600
-0.72540
-0.72480
-0.72420
-0.72360
-0.72300
-0.72240
-0.72180
-0.72120
-0.72060
-0.72000
-0.71940
-0.71880
-0.71820
-0.71760
-0.71700
-0.71640
-0.71580
-0.71520
-0.71460
-0.71400
-0.71340
-0.71280
-0.71220
-0.71160
-0.71100
-0.71040
-0.70980
-0.70920
-0.70860
-0.70800
-0.70740
-0.70680
-0.70620
-0.70560
-0.70500
-0.70440
-0.70380
-0.70320
-0.70260
-0.70200
-0.70140
-0.70080
-0.70020
-0.69960
-0.69900
-0.69840
-0.69780
-0.69720
-0.69660
-0.69600
-0.69540
-0.69480
-0.69420
-0.69360
-0.69300
-0.69240
-0.69180
-0.69120
-0.69060
-0.69000
-0.68940
-0.68880
-0.68820
-0.68760
-0.68700
-0.68640
-0.68580
-0.68520
-0.68460
-0.68400
-0.68340
-0.68280
-0.68220
-0.68160
-0.68100
-0.68040
-0.67980
-0.67920
-0.67860
-0.67800
-0.67740
-0.67680
-0.67620
-0.67560
-0.67500
-0.67440
-0.67380
-0.67320
-0.67260
-0.67200
-0.67140
-0.67080
-0.67020
-0.66960
-0.66900
-0.66840
-0.66780
-0.66720
-0.66660
-0.66600
-0.66540
-0.66480
-0.66420
-0.66360
-0.66300
-0.66240
-0.66180
-0.66120
-0.66060
-0.66000
-0.65940
-0.65880
-0.65820
-0.65760
-0.65700
-0.65640
-0.65580
-0.65520
-0.65460
-0.65400
-0.65340
-0.65280
-0.65220
-0.65160
-0.65100
-0.65040
-0.64980
-0.64920
-0.64860
-0.64800
-0.64740
-0.64680
-0.64620
-0.64560
-0.64500
-0.64440
-0.64380
-0.64320
-0.64260
-0.64200
-0.64140
-0.64080
-0.64020
-0.63960
-0.63900
-0.63840
-0.63780
-0.63720
-0.63660
-0.63600
-0.63540
-0.63480
-0.63420
-0.63360
-0.63300
-0.63240
-0.63180
-0.63120
-0.63060
-0.63000
-0.62940
-0.62880
-0.62820
-0.62760
-0.62700
-0.62640
-0.62580
-0.62520
-0.62460
-0.62400
-0.62340
-0.62280
-0.62220
-0.62160
-0.62100
-0.62040
-0.61980
-0.61920
-0.61860
-0.61800
-0.61740
-0.61680
-0.61620
-0.61560
-0.61500
-0.61440
-0.61380
-0.61320
-0.61260
-0.61200
-0.61140
-0.61080
-0.61020
-0.60960
-0.60900
-0.60840
-0.60780
-0.60720
-0.60660
-0.60600
-0.60540
-0.60480
-0.60420
-0.60360
-0.60300
-0.60240
-0.60180
-0.60120
-0.60060
-0.60000
-0.59940
-0.59880
-0.59820
-0.59760
-0.59700
-0.59640
-0.59580
-0.59520
-0.59460
-0.59400
-0.59340
-0.59280
-0.59220
-0.59160
-0.59100
-0.59040
-0.58980
-0.58920
-0.58860
-0.58800
-0.58740
-0.58680
-0.58620
-0.58560
-0.58500
-0.58440
-0.58380
-0.58320
-0.58260
-0.58200
-0.58140
-0.58080
-0.58020
-0.57960
-0.57900
-0.57840
-0.57780
-0.57720
-0.57660
-0.57600
-0.57540
-0.57480
-0.57420
-0.57360
-0.57300
-0.57240
-0.57180
-0.57120
-0.57060
-0.57000
-0.56940
-0.56880
-0.56820
-0.56760
-0.56700
-0.56640
-0.56580
-0.56520
-0.56460
-0.56400
-0.56340
-0.56280
-0.56220
-0.56160
-0.56100
-0.56040
-0.55980
-0.55920
-0.55860
-0.55800
-0.55740
-0.55680
-0.55620
-0.55560
-0.55500
-0.55440
-0.55380
-0.55320
-0.55260
-0.55200
-0.55140
-0.55080
-0.55020
-0.54960
-0.54900
-0.54840
-0.54780
-0.54720
-0.54660
-0.54600
-0.54540
-0.54480
-0.54420
-0.54360
-0.54300
-0.54240
-0.54180
-0.54120
-0.54060
-0.54000
-0.53940
-0.53880
-0.53820
-0.53760
-0.53700
-0.53640
-0.53580
-0.53520
-0.53460
-0.53400
-0.53340
-0.53280
-0.53220
-0.53160
-0.53100
-0.53040
-0.52980
-0.52920
-0.52860
-0.52800
-0.52740
-0.52680
-0.52620
-0.52560
-0.52500
-0.52440
-0.52380
-0.52320
-0.52260
-0.52200
-0.52140
-0.52080
-0.52020
-0.51960
-0.51900
-0.51840
-0.51780
-0.51720
-0.51660
-0.51600
-0.51540
-0.51480
-0.51420
-0.51360
-0.51300
-0.51240
-0.51180
-0.51120
-0.51060
-0.51000
-0.50940
-0.50880
-0.50820
-0.50760
-0.50700
-0.50640
-0.50580
-0.50520
-0.50460
-0.50400
-0.50340
-0.50280
-0.50220
-0.50160
-0.50100
-0.50040
-0.49980
-0.49920
-0.49860
-0.49800
-0.49740
-0.49680
-0.49620
-0.49560
-0.49500
-0.49440
-0.49380
-0.49320
-0.49260
-0.49200
-0.49140
-0.49080
-0.49020
-0.48960
-0.48900
-0.48840
-0.48780
-0.48720
-0.48660
-0.48600
-0.48540
-0.48480
-0.48420
-0.48360
-0.48300
-0.48240
-0.48180
-0.48120
-0.48060
-0.48000
-0.47940
-0.47880
-0.47820
-0.47760
-0.47700
-0.47640
-0.47580
-0.47520
-0.47460
-0.47400
-0.47340
-0.47280
-0.47220
-0.47160
-0.47100
-0.47040
-0.46980
-0.46920
-0.46860
-0.46800
-0.46740
-0.46680
-0.46620
-0.46560
-0.46500
-0.46440
-0.46380
-0.46320
-0.46260
-0.46200
-0.46140
-0.46080
-0.46020
-0.45960
-0.45900
-0.45840
-0.45780
-0.45720
-0.45660
-0.45600
-0.45540
-0.45480
-0.45420
-0.45360
-0.45300
-0.45240
-0.45180
-0.45120
-0.45060
-0.45000
-0.44940
-0.44880
-0.44820
-0.44760
-0.44700
-0.44640
-0.44580
-0.44520
-0.44460
-0.44400
-0.44340
-0.44280
-0.44220
-0.44160
-0.44100
-0.44040
-0.43980
-0.43920
-0.43860
-0.43800
-0.43740
-0.43680
-0.43620
-0.43560
-0.43500
-0.43440
-0.43380
-0.43320
-0.43260
-0.43200
-0.43140
-0.43080
-0.43020
-0.42960
-0.42900
-0.42840
-0.42780
-0.42720
-0.42660
-0.42600
-0.42540
-0.42480
-0.42420
-0.42360
-0.42300
-0.42240
-0.42180
-0.42120
-0.42060
-0.42000
-0.41940
-0.41880
-0.41820
-0.41760
-0.41700
-0.41640
-0.41580
-0.41520
-0.41460
-0.41400
-0.41340
-0.41280
-0.41220
-0.41160
-0.41100
-0.41040
-0.40980
-0.40920
-0.40860
-0.40800
-0.40740
-0.40680
-0.40620
-0.40560
-0.40500
-0.40440
-0.40380
-0.40320
-0.40260
-0.40200
-0.40140
-0.40080
-0.40020
-0.39960
-0.39900
-0.39840
-0.39780
-0.39720
-0.39660
-0.39600
-0.39540
-0.39480
-0.39420
-0.39360
-0.39300
-0.39240
-0.39180
-0.39120
-0.39060
-0.39000
-0.38940
-0.38880
-0.38820
-0.38760
-0.38700
-0.38640
-0.38580
-0.38520
-0.38460
-0.38400
-0.38340
-0.38280
-0.38220
-0.38160
-0.38100
-0.38040
-0.37980
-0.37920
-0.37860
-0.37800
-0.37740
-0.37680
-0.37620
-0.37560
-0.37500
-0.37440
-0.37380
-0.37320
-0.37260
-0.37200
-0.37140
-0.37080
-0.37020
-0.36960
-0.36900
-0.36840
-0.36780
-0.36720
-0.36660
-0.36600
-0.36540
-0.36480
-0.36420
-0.36360
-0.36300
-0.36240
-0.36180
-0.36120
-0.36060
-0.36000
-0.35940
-0.35880
-0.35820
-0.35760
-0.35700
-0.35640
-0.35580
-0.35520
-0.35460
-0.35400
-0.35340
-0.35280
-0.35220
-0.35160
-0.35100
-0.35040
-0.34980
-0.34920
-0.34860
-0.34800
-0.34740
-0.34680
-0.34620
-0.34560
-0.34500
-0.34440
-0.34380
-0.34320
-0.34260
-0.34200
-0.34140
-0.34080
-0.34020
-0.33960
-0.33900
-0.33840
-0.33780
-0.33720
-0.33660
-0.33600
-0.33540
-0.33480
-0.33420
-0.33360
-0.33300
-0.33240
-0.33180
-0.33120
-0.33060
-0.33000
-0.32940
-0.32880
-0.32820
-0.32760
-0.32700
-0.32640
-0.32580
-0.32520
-0.32460
-0.32400
-0.32340
-0.32280
-0.32220
-0.32160
-0.32100
-0.32040
-0.31980
-0.31920
-0.31860
-0.31800
-0.31740
-0.31680
-0.31620
-0.31560
-0.31500
-0.31440
-0.31380
-0.31320
-0.31260
-0.31200
-0.31140
-0.31080
-0.31020
-0.30960
-0.30900
-0.30840
-0.30780
-0.30720
-0.30660
-0.30600
-0.30540
-0.30480
-0.30420
-0.30360
-0.30300
-0.30240
-0.30180
-0.30120
-0.30060
-0.30000
-0.29940
-0.29880
-0.29820
-0.29760
-0.29700
-0.29640
-0.29580
-0.29520
-0.29460
-0.29400
-0.29340
-0.29280
-0.29220
-0.29160
-0.29100
-0.29040
-0.28980
-0.28920
-0.28860
-0.28800
-0.28740
-0.28680
-0.28620
-0.28560
-0.28500
-0.28440
-0.28380
-0.28320
-0.28260
-0.28200
-0.28140
-0.28080
-0.28020
-0.27960
-0.27900
-0.27840
-0.27780
-0.27720
-0.27660
-0.27600
-0.27540
-0.27480
-0.27420
-0.27360
-0.27300
-0.27240
-0.27180
-0.27120
-0.27060
-0.27000
-0.26940
-0.26880
-0.26820
-0.26760
-0.26700
-0.26640
-0.26580
-0.26520
-0.26460
-0.26400
-0.26340
-0.26280
-0.26220
-0.26160
-0.26100
-0.26040
-0.25980
-0.25920
-0.25860
-0.25800
-0.25740
-0.25680
-0.25620
-0.25560
-0.25500
-0.25440
-0.25380
-0.25320
-0.25260
-0.25200
-0.25140
-0.25080
-0.25020
-0.24960
-0.24900
-0.24840
-0.24780
-0.24720
-0.24660
-0.24600
-0.24540
-0.24480
-0.24420
-0.24360
-0.24300
-0.24240
-0.24180
-0.24120
-0.24060
-0.24000
-0.23940
-0.23880
-0.23820
-0.23760
-0.23700
-0.23640
-0.23580
-0.23520
-0.23460
-0.23400
-0.23340
-0.23280
-0.23220
-0.23160
-0.23100
-0.23040
-0.22980
-0.22920
-0.22860
-0.22800
-0.22740
-0.22680
-0.22620
-0.22560
-0.22500
-0.22440
-0.22380
-0.22320
-0.22260
-0.22200
-0.22140
-0.22080
-0.22020
-0.21960
-0.21900
-0.21840
-0.21780
-0.21720
-0.21660
-0.21600
-0.21540
-0.21480
-0.21420
-0.21360
-0.21300
-0.21240
-0.21180
-0.21120
-0.21060
-0.21000
-0.20940
-0.20880
-0.20820
-0.20760
-0.20700
-0.20640
-0.20580
-0.20520
-0.20460
-0.20400
-0.20340
-0.20280
-0.20220
-0.20160
-0.20100
-0.20040
-0.19980
-0.19920
-0.19860
-0.19800
-0.19740
-0.19680
-0.19620
-0.19560
-0.19500
-0.19440
-0.19380
-0.19320
-0.19260
-0.19200
-0.19140
-0.19080
-0.19020
-0.18960
-0.18900
-0.18840
-0.18780
-0.18720
-0.18660
-0.18600
-0.18540
-0.18480
-0.18420
-0.18360
-0.18300
-0.18240
-0.18180
-0.18120
-0.18060
-0.18000
-0.17940
-0.17880
-0.17820
-0.17760
-0.17700
-0.17640
-0.17580
-0.17520
-0.17460
-0.17400
-0.17340
-0.17280
-0.17220
-0.17160
-0.17100
-0.17040
-0.16980
-0.16920
-0.16860
-0.16800
-0.16740
-0.16680
-0.16620
-0.16560
-0.16500
-0.16440
-0.16380
-0.16320
-0.16260
-0.16200
-0.16140
-0.16080
-0.16020
-0.15960
-0.15900
-0.15840
-0.15780
-0.15720
-0.15660
-0.15600
-0.15540
-0.15480
-0.15420
-0.15360
-0.15300
-0.15240
-0.15180
-0.15120
-0.15060
-0.15000
-0.14940
-0.14880
-0.14820
-0.14760
-0.14700
-0.14640
-0.14580
-0.14520
-0.14460
-0.14400
-0.14340
-0.14280
-0.14220
-0.14160
-0.14100
-0.14040
-0.13980
-0.13920
-0.13860
-0.13800
-0.13740
-0.13680
-0.13620
-0.13560
-0.13500
-0.13440
-0.13380
-0.13320
-0.13260
-0.13200
-0.13140
-0.13080
-0.13020
-0.12960
-0.12900
-0.12840
-0.12780
-0.12720
-0.12660
-0.12600
-0.12540
-0.12480
-0.12420
-0.12360
-0.12300
-0.12240
-0.12180
-0.12120
-0.12060
-0.12000
-0.11940
-0.11880
-0.11820
-0.11760
-0.11700
-0.11640
-0.11580
-0.11520
-0.11460
-0.11400
-0.11340
-0.11280
-0.11220
-0.11160
-0.11100
-0.11040
-0.10980
-0.10920
-0.10860
-0.10800
-0.10740
-0.10680
-0.10620
-0.10560
-0.10500
-0.10440
-0.10380
-0.10320
-0.10260
-0.10200
-0.10140
-0.10080
-0.10020
-0.09960
-0.09900
-0.09840
-0.09780
-0.09720
-0.09660
-0.09600
-0.09540
-0.09480
-0.09420
-0.09360
-0.09300
-0.09240
-0.09180
-0.09120
-0.09060
-0.09000
-0.08940
-0.08880
-0.08820
-0.08760
-0.08700
-0.08640
-0.08580
-0.08520
-0.08460
-0.08400
-0.08340
-0.08280
-0.08220
-0.08160
-0.08100
-0.08040
-0.07980
-0.07920
-0.07860
-0.07800
-0.07740
-0.07680
-0.07620
-0.07560
-0.07500
-0.07440
-0.07380
-0.07320
-0.07260
-0.07200
-0.07140
-0.07080
-0.07020
-0.06960
-0.06900
-0.06840
-0.06780
-0.06720
-0.06660
-0.06600
-0.06540
-0.06480
-0.06420
-0.06360
-0.06300
-0.06240
-0.06180
-0.06120
-0.06060
-0.06000
-0.05940
-0.05880
-0.05820
-0.05760
-0.05700
-0.05640
-0.05580
-0.05520
-0.05460
-0.05400
-0.05340
-0.05280
-0.05220
-0.05160
-0.05100
-0.05040
-0.04980
-0.04920
-0.04860
-0.04800
-0.04740
-0.04680
-0.04620
-0.04560
-0.04500
-0.04440
-0.04380
-0.04320
-0.04260
-0.04200
-0.04140
-0.04080
-0.04020
-0.03960
-0.03900
-0.03840
-0.03780
-0.03720
-0.03660
-0.03600
-0.03540
-0.03480
-0.03420
-0.03360
-0.03300
-0.03240
-0.03180
-0.03120
-0.03060
-0.03000
-0.02940
-0.02880
-0.02820
-0.02760
-0.02700
-0.02640
-0.02580
-0.02520
-0.02460
-0.02400
-0.02340
-0.02280
-0.02220
-0.02160
-0.02100
-0.02040
-0.01980
-0.01920
-0.01860
-0.01800
-0.01740
-0.01680
-0.01620
-0.01560
-0.01500
-0.01440
-0.01380
-0.01320
-0.01260
-0.01200
-0.01140
-0.01080
-0.01020
-0.00960
-0.00900
-0.00840
-0.00780
-0.00720
-0.00660
-0.00600
-0.00540
-0.00480
-0.00420
-0.00360
-0.00300
-0.00240
-0.00180
-0.00120
-0.00060
-0.00000
0.00060
0.00120
0.00180
0.00240
0.00300
0.00360
0.00420
0.00480
0.00540
0.00600
0.00660
0.00720
0.00780
0.00840
0.00900
0.00960
0.01020
0.01080
0.01140
0.01200
0.01260
0.01320
0.01380
0.01440
0.01500
0.01560
0.01620
0.01680
0.01740
0.01800
0.01860
0.01920
0.01980
0.02040
0.02100
0.02160
0.02220
0.02280
0.02340
0.02400
0.02460
0.02520
0.02580
0.02640
0.02700
0.02760
0.02820
0.02880
0.02940
0.03000
0.03060
0.03120
0.03180
0.03240
0.03300
0.03360
0.03420
0.03480
0.03540
0.03600
0.03660
0.03720
0.03780
0.03840
0.03900
0.03960
0.04020
0.04080
0.04140
0.04200
0.04260
0.04320
0.04380
0.04440
0.04500
0.04560
0.04620
0.04680
0.04740
0.04800
0.04860
0.04920
0.04980
0.05040
0.05100
0.05160
0.05220
0.05280
0.05340
0.05400
0.05460
0.05520
0.05580
0.05640
0.05700
0.05760
0.05820
0.05880
0.05940
0.06000
0.06060
0.06120
0.06180
0.06240
0.06300
0.06360
0.06420
0.06480
0.06540
0.06600
0.06660
0.06720
0.06780
0.06840
0.06900
0.06960
0.07020
0.07080
0.07140
0.07200
0.07260
0.07320
0.07380
0.07440
0.07500
0.07560
0.07620
0.07680
0.07740
0.07800
0.07860
0.07920
0.07980
0.08040
0.08100
0.08160
0.08220
0.08280
0.08340
0.08400
0.08460
0.08520
0.08580
0.08640
0.08700
0.08760
0.08820
0.08880
0.08940
0.09000
0.09060
0.09120
0.09180
0.09240
0.09300
0.09360
0.09420
0.09480
0.09540
0.09600
0.09660
0.09720
0.09780
0.09840
0.09900
0.09960
0.10020
0.10080
0.10140
0.10200
0.10260
0.10320
0.10380
0.10440
0.10500
0.10560
0.10620
0.10680
0.10740
0.10800
0.10860
0.10920
0.10980
0.11040
0.11100
0.11160
0.11220
0.11280
0.11340
0.11400
0.11460
0.11520
0.11580
0.11640
0.11700
0.11760
0.11820
0.11880
0.11940
0.12000
0.12060
0.12120
0.12180
0.12240
0.12300
0.12360
0.12420
0.12480
0.12540
0.12600
0.12660
0.12720
0.12780
0.12840
0.12900
0.12960
0.13020
0.13080
0.13140
0.13200
0.13260
0.13320
0.13380
0.13440
0.13500
0.13560
0.13620
0.13680
0.13740
0.13800
0.13860
0.13920
0.13980
0.14040
0.14100
0.14160
0.14220
0.14280
0.14340
0.14400
0.14460
0.14520
0.14580
0.14640
0.14700
0.14760
0.14820
0.14880
0.14940
0.15000
0.15060
0.15120
0.15180
0.15240
0.15300
0.15360
0.15420
0.15480
0.15540
0.15600
0.15660
0.15720
0.15780
0.15840
0.15900
0.15960
0.16020
0.16080
0.16140
0.16200
0.16260
0.16320
0.16380
0.16440
0.16500
0.16560
0.16620
0.16680
0.16740
0.16800
0.16860
0.16920
0.16980
0.17040
0.17100
0.17160
0.17220
0.17280
0.17340
0.17400
0.17460
0.17520
0.17580
0.17640
0.17700
0.17760
0.17820
0.17880
0.17940
0.18000
0.18060
0.18120
0.18180
0.18240
0.18300
0.18360
0.18420
0.18480
0.18540
0.18600
0.18660
0.18720
0.18780
0.18840
0.18900
0.18960
0.19020
0.19080
0.19140
0.19200
0.19260
0.19320
0.19380
0.19440
0.19500
0.19560
0.19620
0.19680
0.19740
0.19800
0.19860
0.19920
0.19980
0.20040
0.20100
0.20160
0.20220
0.20280
0.20340
0.20400
0.20460
0.20520
0.20580
0.20640
0.20700
0.20760
0.20820
0.20880
0.20940
0.21000
0.21060
0.21120
0.21180
0.21240
0.21300
0.21360
0.21420
0.21480
0.21540
0.21600
0.21660
0.21720
0.21780
0.21840
0.21900
0.21960
0.22020
0.22080
0.22140
0.22200
0.22260
0.22320
0.22380
0.22440
0.22500
0.22560
0.22620
0.22680
0.22740
0.22800
0.22860
0.22920
0.22980
0.23040
0.23100
0.23160
0.23220
0.23280
0.23340
0.23400
0.23460
0.23520
0.23580
0.23640
0.23700
0.23760
0.23820
0.23880
0.23940
0.24000
0.24060
0.24120
0.24180
0.24240
0.24300
0.24360
0.24420
0.24480
0.24540
0.24600
0.24660
0.24720
0.24780
0.24840
0.24900
0.24960
0.25020
0.25080
0.25140
0.25200
0.25260
0.25320
0.25380
0.25440
0.25500
0.25560
0.25620
0.25680
0.25740
0.25800
0.25860
0.25920
0.25980
0.26040
0.26100
0.26160
0.26220
0.26280
0.26340
0.26400
0.26460
0.26520
0.26580
0.26640
0.26700
0.26760
0.26820
0.26880
0.26940
0.27000
0.27060
0.27120
0.27180
0.27240
0.27300
0.27360
0.27420
0.27480
0.27540
0.27600
0.27660
0.27720
0.27780
0.27840
0.27900
0.27960
0.28020
0.28080
0.28140
0.28200
0.28260
0.28320
0.28380
0.28440
0.28500
0.28560
0.28620
0.28680
0.28740
0.28800
0.28860
0.28920
0.28980
0.29040
0.29100
0.29160
0.29220
0.29280
0.29340
0.29400
0.29460
0.29520
0.29580
0.29640
0.29700
0.29760
0.29820
0.29880
0.29940
0.30000
0.30060
0.30120
0.30180
0.30240
0.30300
0.30360
0.30420
0.30480
0.30540
0.30600
0.30660
0.30720
0.30780
0.30840
0.30900
0.30960
0.31020
0.31080
0.31140
0.31200
0.31260
0.31320
0.31380
0.31440
0.31500
0.31560
0.31620
0.31680
0.31740
0.31800
0.31860
0.31920
0.31980
0.32040
0.32100
0.32160
0.32220
0.32280
0.32340
0.32400
0.32460
0.32520
0.32580
0.32640
0.32700
0.32760
0.32820
0.32880
0.32940
0.33000
0.33060
0.33120
0.33180
0.33240
0.33300
0.33360
0.33420
0.33480
0.33540
0.33600
0.33660
0.33720
0.33780
0.33840
0.33900
0.33960
0.34020
0.34080
0.34140
0.34200
0.34260
0.34320
0.34380
0.34440
0.34500
0.34560
0.34620
0.34680
0.34740
0.34800
0.34860
0.34920
0.34980
0.35040
0.35100
0.35160
0.35220
0.35280
0.35340
0.35400
0.35460
0.35520
0.35580
0.35640
0.35700
0.35760
0.35820
0.35880
0.35940
0.36000
0.36060
0.36120
0.36180
0.36240
0.36300
0.36360
0.36420
0.36480
0.36540
0.36600
0.36660
0.36720
0.36780
0.36840
0.36900
0.36960
0.37020
0.37080
0.37140
0.37200
0.37260
0.37320
0.37380
0.37440
0.37500
0.37560
0.37620
0.37680
0.37740
0.37800
0.37860
0.37920
0.37980
0.38040
0.38100
0.38160
0.38220
0.38280
0.38340
0.38400
0.38460
0.38520
0.38580
0.38640
0.38700
0.38760
0.38820
0.38880
0.38940
0.39000
0.39060
0.39120
0.39180
0.39240
0.39300
0.39360
0.39420
0.39480
0.39540
0.39600
0.39660
0.39720
0.39780
0.39840
0.39900
0.39960
0.40020
0.40080
0.40140
0.40200
0.40260
0.40320
0.40380
0.40440
0.40500
0.40560
0.40620
0.40680
0.40740
0.40800
0.40860
0.40920
0.40980
0.41040
0.41100
0.41160
0.41220
0.41280
0.41340
0.41400
0.41460
0.41520
0.41580
0.41640
0.41700
0.41760
0.41820
0.41880
0.41940
0.42000
0.42060
0.42120
0.42180
0.42240
0.42300
0.42360
0.42420
0.42480
0.42540
0.42600
0.42660
0.42720
0.42780
0.42840
0.42900
0.42960
0.43020
0.43080
0.43140
0.43200
0.43260
0.43320
0.43380
0.43440
0.43500
0.43560
0.43620
0.43680
0.43740
0.43800
0.43860
0.43920
0.43980
0.44040
0.44100
0.44160
0.44220
0.44280
0.44340
0.44400
0.44460
0.44520
0.44580
0.44640
0.44700
0.44760
0.44820
0.44880
0.44940
0.45000
0.45060
0.45120
0.45180
0.45240
0.45300
0.45360
0.45420
0.45480
0.45540
0.45600
0.45660
0.45720
0.45780
0.45840
0.45900
0.45960
0.46020
0.46080
0.46140
0.46200
0.46260
0.46320
0.46380
0.46440
0.46500
0.46560
0.46620
0.46680
0.46740
0.46800
0.46860
0.46920
0.46980
0.47040
0.47100
0.47160
0.47220
0.47280
0.47340
0.47400
0.47460
0.47520
0.47580
0.47640
0.47700
0.47760
0.47820
0.47880
0.47940
0.48000
0.48060
0.48120
0.48180
0.48240
0.48300
0.48360
0.48420
0.48480
0.48540
0.48600
0.48660
0.48720
0.48780
0.48840
0.48900
0.48960
0.49020
0.49080
0.49140
0.49200
0.49260
0.49320
0.49380
0.49440
0.49500
0.49560
0.49620
0.49680
0.49740
0.49800
0.49860
0.49920
0.49980
0.50040
0.50100
0.50160
0.50220
0.50280
0.50340
0.50400
0.50460
0.50520
0.50580
0.50640
0.50700
0.50760
0.50820
0.50880
0.50940
0.51000
0.51060
0.51120
0.51180
0.51240
0.51300
0.51360
0.51420
0.51480
0.51540
0.51600
0.51660
0.51720
0.51780
0.51840
0.51900
0.51960
0.52020
0.52080
0.52140
0.52200
0.52260
0.52320
0.52380
0.52440
0.52500
0.52560
0.52620
0.52680
0.52740
0.52800
0.52860
0.52920
0.52980
0.53040
0.53100
0.53160
0.53220
0.53280
0.53340
0.53400
0.53460
0.53520
0.53580
0.53640
0.53700
0.53760
0.53820
0.53880
0.53940
0.54000
0.54060
0.54120
0.54180
0.54240
0.54300
0.54360
0.54420
0.54480
0.54540
0.54600
0.54660
0.54720
0.54780
0.54840
0.54900
0.54960
0.55020
0.55080
0.55140
0.55200
0.55260
0.55320
0.55380
0.55440
0.55500
0.55560
0.55620
0.55680
0.55740
0.55800
0.55860
0.55920
0.55980
0.56040
0.56100
0.56160
0.56220
0.56280
0.56340
0.56400
0.56460
0.56520
0.56580
0.56640
0.56700
0.56760
0.56820
0.56880
0.56940
0.57000
0.57060
0.57120
0.57180
0.57240
0.57300
0.57360
0.57420
0.57480
0.57540
0.57600
0.57660
0.57720
0.57780
0.57840
0.57900
0.57960
0.58020
0.58080
0.58140
0.58200
0.58260
0.58320
0.58380
0.58440
0.58500
0.58560
0.58620
0.58680
0.58740
0.58800
0.58860
0.58920
0.58980
0.59040
0.59100
0.59160
0.59220
0.59280
0.59340
0.59400
0.59460
0.59520
0.59580
0.59640
0.59700
0.59760
0.59820
0.59880
0.59940
0.60000
0.60060
0.60120
0.60180
0.60240
0.60300
0.60360
0.60420
0.60480
0.60540
0.60600
0.60660
0.60720
0.60780
0.60840
0.60900
0.60960
0.61020
0.61080
0.61140
0.61200
0.61260
0.61320
0.61380
0.61440
0.61500
0.61560
0.61620
0.61680
0.61740
0.61800
0.61860
0.61920
0.61980
0.62040
0.62100
0.62160
0.62220
0.62280
0.62340
0.62400
0.62460
0.62520
0.62580
0.62640
0.62700
0.62760
0.62820
0.62880
0.62940
0.63000
0.63060
0.63120
0.63180
0.63240
0.63300
0.63360
0.63420
0.63480
0.63540
0.63600
0.63660
0.63720
0.63780
0.63840
0.63900
0.63960
0.64020
0.64080
0.64140
0.64200
0.64260
0.64320
0.64380
0.64440
0.64500
0.64560
0.64620
0.64680
0.64740
0.64800
0.64860
0.64920
0.64980
0.65040
0.65100
0.65160
0.65220
0.65280
0.65340
0.65400
0.65460
0.65520
0.65580
0.65640
0.65700
0.65760
0.65820
0.65880
0.65940
0.66000
0.66060
0.66120
0.66180
0.66240
0.66300
0.66360
0.66420
0.66480
0.66540
0.66600
0.66660
0.66720
0.66780
0.66840
0.66900
0.66960
0.67020
0.67080
0.67140
0.67200
0.67260
0.67320
0.67380
0.67440
0.67500
0.67560
0.67620
0.67680
0.67740
0.67800
0.67860
0.67920
0.67980
0.68040
0.68100
0.68160
0.68220
0.68280
0.68340
0.68400
0.68460
0.68520
0.68580
0.68640
0.68700
0.68760
0.68820
0.68880
0.68940
0.69000
0.69060
0.69120
0.69180
0.69240
0.69300
0.69360
0.69420
0.69480
0.69540
0.69600
0.69660
0.69720
0.69780
0.69840
0.69900
0.69960
0.70020
0.70080
0.70140
0.70200
0.70260
0.70320
0.70380
0.70440
0.70500
0.70560
0.70620
0.70680
0.70740
0.70800
0.70860
0.70920
0.70980
0.71040
0.71100
0.71160
0.71220
0.71280
0.71340
0.71400
0.71460
0.71520
0.71580
0.71640
0.71700
0.71760
0.71820
0.71880
0.71940
0.72000
0.72060
0.72120
0.72180
0.72240
0.72300
0.72360
0.72420
0.72480
0.72540
0.72600
0.72660
0.72720
0.72780
0.72840
0.72900
0.72960
0.73020
0.73080
0.73140
0.73200
0.73260
0.73320
0.73380
0.73440
0.73500
0.73560
0.73620
0.73680
0.73740
0.73800
0.73860
0.73920
0.73980
0.74040
0.74100
0.74160
0.74220
0.74280
0.74340
0.74400
0.74460
0.74520
0.74580
0.74640
0.74700
0.74760
0.74820
0.74880
0.74940
0.75000
0.75060
0.75120
0.75180
0.75240
0.75300
0.75360
0.75420
0.75480
0.75540
0.75600
0.75660
0.75720
0.75780
0.75840
0.75900
0.75960
0.76020
0.76080
0.76140
0.76200
0.76260
0.76320
0.76380
0.76440
0.76500
0.76560
0.76620
0.76680
0.76740
0.76800
0.76860
0.76920
0.76980
0.77040
0.77100
0.77160
0.77220
0.77280
0.77340
0.77400
0.77460
0.77520
0.77580
0.77640
0.77700
0.77760
0.77820
0.77880
0.77940
0.78000
0.78060
0.78120
0.78180
0.78240
0.78300
0.78360
0.78420
0.78480
0.78540
0.78600
0.78660
0.78720
0.78780
0.78840
0.78900
0.78960
0.79020
0.79080
0.79140
0.79200
0.79260
0.79320
0.79380
0.79440
0.79500
0.79560
0.79620
0.79680
0.79740
0.79800
0.79860
0.79920
0.79980
0.80040
0.80100
0.80160
0.80220
0.80280
0.80340
0.80400
0.80460
0.80520
0.80580
0.80640
0.80700
0.80760
0.80820
0.80880
0.80940
0.81000
0.81060
0.81120
0.81180
0.81240
0.81300
0.81360
0.81420
0.81480
0.81540
0.81600
0.81660
0.81720
0.81780
0.81840
0.81900
0.81960
0.82020
0.82080
0.82140
0.82200
0.82260
0.82320
0.82380
0.82440
0.82500
0.82560
0.82620
0.82680
0.82740
0.82800
0.82860
0.82920
0.82980
0.83040
0.83100
0.83160
0.83220
0.83280
0.83340
0.83400
0.83460
0.83520
0.83580
0.83640
0.83700
0.83760
0.83820
0.83880
0.83940
0.84000
0.84060
0.84120
0.84180
0.84240
0.84300
0.84360
0.84420
0.84480
0.84540
0.84600
0.84660
0.84720
0.84780
0.84840
0.84900
0.84960
0.85020
0.85080
0.85140
0.85200
0.85260
0.85320
0.85380
0.85440
0.85500
0.85560
0.85620
0.85680
0.85740
0.85800
0.85860
0.85920
0.85980
0.86040
0.86100
0.86160
0.86220
0.86280
0.86340
0.86400
0.86460
0.86520
0.86580
0.86640
0.86700
0.86760
0.86820
0.86880
0.86940
0.87000
0.87060
0.87120
0.87180
0.87240
0.87300
0.87360
0.87420
0.87480
0.87540
0.87600
0.87660
0.87720
0.87780
0.87840
0.87900
0.87960
0.88020
0.88080
0.88140
0.88200
0.88260
0.88320
0.88380
0.88440
0.88500
0.88560
0.88620
0.88680
0.88740
0.88800
0.88860
0.88920
0.88980
0.89040
0.89100
0.89160
0.89220
0.89280
0.89340
0.89400
0.89460
0.89520
0.89580
0.89640
0.89700
0.89760
0.89820
0.89880
0.89940
0.90000
0.90060
0.90120
0.90180
0.90240
0.90300
0.90360
0.90420
0.90480
0.90540
0.90600
0.90660
0.90720
0.90780
0.90840
0.90900
0.90960
0.91020
0.91080
0.91140
0.91200
0.91260
0.91320
0.91380
0.91440
0.91500
0.91560
0.91620
0.91680
0.91740
0.91800
0.91860
0.91920
0.91980
0.92040
0.92100
0.92160
0.92220
0.92280
0.92340
0.92400
0.92460
0.92520
0.92580
0.92640
0.92700
0.92760
0.92820
0.92880
0.92940
0.93000
0.93060
0.93120
0.93180
0.93240
0.93300
0.93360
0.93420
0.93480
0.93540
0.93600
0.93660
0.93720
0.93780
0.93840
0.93900
0.93960
0.94020
0.94080
0.94140
0.94200
0.94260
0.94320
0.94380
0.94440
0.94500
0.94560
0.94620
0.94680
0.94740
0.94800
0.94860
0.94920
0.94980
0.95040
0.95100
0.95160
0.95220
0.95280
0.95340
0.95400
0.95460
0.95520
0.95580
0.95640
0.95700
0.95760
0.95820
0.95880
0.95940
0.96000
0.96060
0.96120
0.96180
0.96240
0.96300
0.96360
0.96420
0.96480
0.96540
0.96600
0.96660
0.96720
0.96780
0.96840
0.96900
0.96960
0.97020
0.97080
0.97140
0.97200
0.97260
0.97320
0.97380
0.97440
0.97500
0.97560
0.97620
0.97680
0.97740
0.97800
0.97860
0.97920
0.97980
0.98040
0.98100
0.98160
0.98220
0.98280
0.98340
0.98400
0.98460
0.98520
0.98580
0.98640
0.98700
0.98760
0.98820
0.98880
0.98940
0.99000
0.99060
0.99120
0.99180
0.99240
0.99300
0.99360
0.99420
0.99480
0.99540
0.99600
0.99660
0.99720
0.99780
0.99840
0.99900
0.99960
1.00020
1.00080
1.00140
1.00200
1.00260
1.00320
1.00380
1.00440
1.00500
1.00560
1.00620
1.00680
1.00740
1.00800
1.00860
1.00920
1.00980
1.01040
1.01100
1.01160
1.01220
1.01280
1.01340
1.01400
1.01460
1.01520
1.01580
1.01640
1.01700
1.01760
1.01820
1.01880
1.01940
1.02000
1.02060
1.02120
1.02180
1.02240
1.02300
1.02360
1.02420
1.02480
1.02540
1.02600
1.02660
1.02720
1.02780
1.02840
1.02900
1.02960
1.03020
1.03080
1.03140
1.03200
1.03260
1.03320
1.03380
1.03440
1.03500
1.03560
1.03620
1.03680
1.03740
1.03800
1.03860
1.03920
1.03980
1.04040
1.04100
1.04160
1.04220
1.04280
1.04340
1.04400
1.04460
1.04520
1.04580
1.04640
1.04700
1.04760
1.04820
1.04880
1.04940
1.05000
1.05060
1.05120
1.05180
1.05240
1.05300
1.05360
1.05420
1.05480
1.05540
1.05600
1.05660
1.05720
1.05780
1.05840
1.05900
1.05960
1.06020
1.06080
1.06140
1.06200
1.06260
1.06320
1.06380
1.06440
1.06500
1.06560
1.06620
1.06680
1.06740
1.06800
1.06860
1.06920
1.06980
1.07040
1.07100
1.07160
1.07220
1.07280
1.07340
1.07400
1.07460
1.07520
1.07580
1.07640
1.07700
1.07760
1.07820
1.07880
1.07940
1.08000
1.08060
1.08120
1.08180
1.08240
1.08300
1.08360
1.08420
1.08480
1.08540
1.08600
1.08660
1.08720
1.08780
1.08840
1.08900
1.08960
1.09020
1.09080
1.09140
1.09200
1.09260
1.09320
1.09380
1.09440
1.09500
1.09560
1.09620
1.09680
1.09740
1.09800
1.09860
1.09920
1.09980
1.10040
1.10100
1.10160
1.10220
1.10280
1.10340
1.10400
1.10460
1.10520
1.10580
1.10640
1.10700
1.10760
1.10820
1.10880
1.10940
1.11000
1.11060
1.11120
1.11180
1.11240
1.11300
1.11360
1.11420
1.11480
1.11540
1.11600
1.11660
1.11720
1.11780
1.11840
1.11900
1.11960
1.12020
1.12080
1.12140
1.12200
1.12260
1.12320
1.12380
1.12440
1.12500
1.12560
1.12620
1.12680
1.12740
1.12800
1.12860
1.12920
1.12980
1.13040
1.13100
1.13160
1.13220
1.13280
1.13340
1.13400
1.13460
1.13520
1.13580
1.13640
1.13700
1.13760
1.13820
1.13880
1.13940
1.14000
1.14060
1.14120
1.14180
1.14240
1.14300
1.14360
1.14420
1.14480
1.14540
1.14600
1.14660
1.14720
1.14780
1.14840
1.14900
1.14960
1.15020
1.15080
1.15140
1.15200
1.15260
1.15320
1.15380
1.15440
1.15500
1.15560
1.15620
1.15680
1.15740
1.15800
1.15860
1.15920
1.15980
1.16040
1.16100
1.16160
1.16220
1.16280
1.16340
1.16400
1.16460
1.16520
1.16580
1.16640
1.16700
1.16760
1.16820
1.16880
1.16940
1.17000
1.17060
1.17120
1.17180
1.17240
1.17300
1.17360
1.17420
1.17480
1.17540
1.17600
1.17660
1.17720
1.17780
1.17840
1.17900
1.17960
1.18020
1.18080
1.18140
1.18200
1.18260
1.18320
1.18380
1.18440
1.18500
1.18560
1.18620
1.18680
1.18740
1.18800
1.18860
1.18920
1.18980
1.19040
1.19100
1.19160
1.19220
1.19280
1.19340
1.19400
1.19460
1.19520
1.19580
1.19640
1.19700
1.19760
1.19820
1.19880
1.19940
1.20000
1.20060
1.20120
1.20180
1.20240
1.20300
1.20360
1.20420
1.20480
1.20540
1.20600
1.20660
1.20720
1.20780
1.20840
1.20900
1.20960
1.21020
1.21080
1.21140
1.21200
1.21260
1.21320
1.21380
1.21440
1.21500
1.21560
1.21620
1.21680
1.21740
1.21800
1.21860
1.21920
1.21980
1.22040
1.22100
1.22160
1.22220
1.22280
1.22340
1.22400
1.22460
1.22520
1.22580
1.22640
1.22700
1.22760
1.22820
1.22880
1.22940
1.23000
1.23060
1.23120
1.23180
1.23240
1.23300
1.23360
1.23420
1.23480
1.23540
1.23600
1.23660
1.23720
1.23780
1.23840
1.23900
1.23960
1.24020
1.24080
1.24140
1.24200
1.24260
1.24320
1.24380
1.24440
1.24500
1.24560
1.24620
1.24680
1.24740
1.24800
1.24860
1.24920
1.24980
1.25040
1.25100
1.25160
1.25220
1.25280
1.25340
1.25400
1.25460
1.25520
1.25580
1.25640
1.25700
1.25760
1.25820
1.25880
1.25940
1.26000
1.26060
1.26120
1.26180
1.26240
1.26300
1.26360
1.26420
1.26480
1.26540
1.26600
1.26660
1.26720
1.26780
1.26840
1.26900
1.26960
1.27020
1.27080
1.27140
1.27200
1.27260
1.27320
1.27380
1.27440
1.27500
1.27560
1.27620
1.27680
1.27740
1.27800
1.27860
1.27920
1.27980
1.28040
1.28100
1.28160
1.28220
1.28280
1.28340
1.28400
1.28460
1.28520
1.28580
1.28640
1.28700
1.28760
1.28820
1.28880
1.28940
1.29000
1.29060
1.29120
1.29180
1.29240
1.29300
1.29360
1.29420
1.29480
1.29540
1.29600
1.29660
1.29720
1.29780
1.29840
1.29900
1.29960
1.30020
1.30080
1.30140
1.30200
1.30260
1.30320
1.30380
1.30440
1.30500
1.30560
1.30620
1.30680
1.30740
1.30800
1.30860
1.30920
1.30980
1.31040
1.31100
1.31160
1.31220
1.31280
1.31340
1.31400
1.31460
1.31520
1.31580
1.31640
1.31700
1.31760
1.31820
1.31880
1.31940
1.32000
1.32060
1.32120
1.32180
1.32240
1.32300
1.32360
1.32420
1.32480
1.32540
1.32600
1.32660
1.32720
1.32780
1.32840
1.32900
1.32960
1.33020
1.33080
1.33140
1.33200
1.33260
1.33320
1.33380
1.33440
1.33500
1.33560
1.33620
1.33680
1.33740
1.33800
1.33860
1.33920
1.33980
1.34040
1.34100
1.34160
1.34220
1.34280
1.34340
1.34400
1.34460
1.34520
1.34580
1.34640
1.34700
1.34760
1.34820
1.34880
1.34940
1.35000
1.35060
1.35120
1.35180
1.35240
1.35300
1.35360
1.35420
1.35480
1.35540
1.35600
1.35660
1.35720
1.35780
1.35840
1.35900
1.35960
1.36020
1.36080
1.36140
1.36200
1.36260
1.36320
1.36380
1.36440
1.36500
1.36560
1.36620
1.36680
1.36740
1.36800
1.36860
1.36920
1.36980
1.37040
1.37100
1.37160
1.37220
1.37280
1.37340
1.37400
1.37460
1.37520
1.37580
1.37640
1.37700
1.37760
1.37820
1.37880
1.37940
1.38000
1.38060
1.38120
1.38180
1.38240
1.38300
1.38360
1.38420
1.38480
1.38540
1.38600
1.38660
1.38720
1.38780
1.38840
1.38900
1.38960
1.39020
1.39080
1.39140
1.39200
1.39260
1.39320
1.39380
1.39440
1.39500
1.39560
1.39620
1.39680
1.39740
1.39800
1.39860
1.39920
1.39980
1.40040
1.40100
1.40160
1.40220
1.40280
1.40340
1.40400
1.40460
1.40520
1.40580
1.40640
1.40700
1.40760
1.40820
1.40880
1.40940
1.41000
1.41060
1.41120
1.41180
1.41240
1.41300
1.41360
1.41420
1.41480
1.41540
1.41600
1.41660
1.41720
1.41780
1.41840
1.41900
1.41960
1.42020
1.42080
1.42140
1.42200
1.42260
1.42320
1.42380
1.42440
1.42500
1.42560
1.42620
1.42680
1.42740
1.42800
1.42860
1.42920
1.42980
1.43040
1.43100
1.43160
1.43220
1.43280
1.43340
1.43400
1.43460
1.43520
1.43580
1.43640
1.43700
1.43760
1.43820
1.43880
1.43940
1.44000
1.44060
1.44120
1.44180
1.44240
1.44300
1.44360
1.44420
1.44480
1.44540
1.44600
1.44660
1.44720
1.44780
1.44840
1.44900
1.44960
1.45020
1.45080
1.45140
1.45200
1.45260
1.45320
1.45380
1.45440
1.45500
1.45560
1.45620
1.45680
1.45740
1.45800
1.45860
1.45920
1.45980
1.46040
1.46100
1.46160
1.46220
1.46280
1.46340
1.46400
1.46460
1.46520
1.46580
1.46640
1.46700
1.46760
1.46820
1.46880
1.46940
1.47000
1.47060
1.47120
1.47180
1.47240
1.47300
1.47360
1.47420
1.47480
1.47540
1.47600
1.47660
1.47720
1.47780
1.47840
1.47900
1.47960
1.48020
1.48080
1.48140
1.48200
1.48260
1.48320
1.48380
1.48440
1.48500
1.48560
1.48620
1.48680
1.48740
1.48800
1.48860
1.48920
1.48980
1.49040
1.49100
1.49160
1.49220
1.49280
1.49340
1.49400
1.49460
1.49520
1.49580
1.49640
1.49700
1.49760
1.49820
1.49880
1.49940
1.50000
1.50060
1.50120
1.50180
1.50240
1.50300
1.50360
1.50420
1.50480
1.50540
1.50600
1.50660
1.50720
1.50780
1.50840
1.50900
1.50960
1.51020
1.51080
1.51140
1.51200
1.51260
1.51320
1.51380
1.51440
1.51500
1.51560
1.51620
1.51680
1.51740
1.51800
1.51860
1.51920
1.51980
1.52040
1.52100
1.52160
1.52220
1.52280
1.52340
1.52400
1.52460
1.52520
1.52580
1.52640
1.52700
1.52760
1.52820
1.52880
1.52940
1.53000
1.53060
1.53120
1.53180
1.53240
1.53300
1.53360
1.53420
1.53480
1.53540
1.53600
1.53660
1.53720
1.53780
1.53840
1.53900
1.53960
1.54020
1.54080
1.54140
1.54200
1.54260
1.54320
1.54380
1.54440
1.54500
1.54560
1.54620
1.54680
1.54740
1.54800
1.54860
1.54920
1.54980
1.55040
1.55100
1.55160
1.55220
1.55280
1.55340
1.55400
1.55460
1.55520
1.55580
1.55640
1.55700
1.55760
1.55820
1.55880
1.55940
1.56000
1.56060
1.56120
1.56180
1.56240
1.56300
1.56360
1.56420
1.56480
1.56540
1.56600
1.56660
1.56720
1.56780
1.56840
1.56900
1.56960
1.57020
1.57080
1.57140
1.57200
1.57260
1.57320
1.57380
1.57440
1.57500
1.57560
1.57620
1.57680
1.57740
1.57800
1.57860
1.57920
1.57980
1.58040
1.58100
1.58160
1.58220
1.58280
1.58340
1.58400
1.58460
1.58520
1.58580
1.58640
1.58700
1.58760
1.58820
1.58880
1.58940
1.59000
1.59060
1.59120
1.59180
1.59240
1.59300
1.59360
1.59420
1.59480
1.59540
1.59600
1.59660
1.59720
1.59780
1.59840
1.59900
1.59960
1.60020
1.60080
1.60140
1.60200
1.60260
1.60320
1.60380
1.60440
1.60500
1.60560
1.60620
1.60680
1.60740
1.60800
1.60860
1.60920
1.60980
1.61040
1.61100
1.61160
1.61220
1.61280
1.61340
1.61400
1.61460
1.61520
1.61580
1.61640
1.61700
1.61760
1.61820
1.61880
1.61940
1.62000
1.62060
1.62120
1.62180
1.62240
1.62300
1.62360
1.62420
1.62480
1.62540
1.62600
1.62660
1.62720
1.62780
1.62840
1.62900
1.62960
1.63020
1.63080
1.63140
1.63200
1.63260
1.63320
1.63380
1.63440
1.63500
1.63560
1.63620
1.63680
1.63740
1.63800
1.63860
1.63920
1.63980
1.64040
1.64100
1.64160
1.64220
1.64280
1.64340
1.64400
1.64460
1.64520
1.64580
1.64640
1.64700
1.64760
1.64820
1.64880
1.64940
1.65000
1.65060
1.65120
1.65180
1.65240
1.65300
1.65360
1.65420
1.65480
1.65540
1.65600
1.65660
1.65720
1.65780
1.65840
1.65900
1.65960
1.66020
1.66080
1.66140
1.66200
1.66260
1.66320
1.66380
1.66440
1.66500
1.66560
1.66620
1.66680
1.66740
1.66800
1.66860
1.66920
1.66980
1.67040
1.67100
1.67160
1.67220
1.67280
1.67340
1.67400
1.67460
1.67520
1.67580
1.67640
1.67700
1.67760
1.67820
1.67880
1.67940
1.68000
1.68060
1.68120
1.68180
1.68240
1.68300
1.68360
1.68420
1.68480
1.68540
1.68600
1.68660
1.68720
1.68780
1.68840
1.68900
1.68960
1.69020
1.69080
1.69140
1.69200
1.69260
1.69320
1.69380
1.69440
1.69500
1.69560
1.69620
1.69680
1.69740
1.69800
1.69860
1.69920
1.69980
1.70040
1.70100
1.70160
1.70220
1.70280
1.70340
1.70400
1.70460
1.70520
1.70580
1.70640
1.70700
1.70760
1.70820
1.70880
1.70940
1.71000
1.71060
1.71120
1.71180
1.71240
1.71300
1.71360
1.71420
1.71480
1.71540
1.71600
1.71660
1.71720
1.71780
1.71840
1.71900
1.71960
1.72020
1.72080
1.72140
1.72200
1.72260
1.72320
1.72380
1.72440
1.72500
1.72560
1.72620
1.72680
1.72740
1.72800
1.72860
1.72920
1.72980
1.73040
1.73100
1.73160
1.73220
1.73280
1.73340
1.73400
1.73460
1.73520
1.73580
1.73640
1.73700
1.73760
1.73820
1.73880
1.73940
1.74000
1.74060
1.74120
1.74180
1.74240
1.74300
1.74360
1.74420
1.74480
1.74540
1.74600
1.74660
1.74720
1.74780
1.74840
1.74900
1.74960
1.75020
1.75080
1.75140
1.75200
1.75260
1.75320
1.75380
1.75440
1.75500
1.75560
1.75620
1.75680
1.75740
1.75800
1.75860
1.75920
1.75980
1.76040
1.76100
1.76160
1.76220
1.76280
1.76340
1.76400
1.76460
1.76520
1.76580
1.76640
1.76700
1.76760
1.76820
1.76880
1.76940
1.77000
1.77060
1.77120
1.77180
1.77240
1.77300
1.77360
1.77420
1.77480
1.77540
1.77600
1.77660
1.77720
1.77780
1.77840
1.77900
1.77960
1.78020
1.78080
1.78140
1.78200
1.78260
1.78320
1.78380
1.78440
1.78500
1.78560
1.78620
1.78680
1.78740
1.78800
1.78860
1.78920
1.78980
1.79040
1.79100
1.79160
1.79220
1.79280
1.79340
1.79400
1.79460
1.79520
1.79580
1.79640
1.79700
1.79760
1.79820
1.79880
1.79940
1.80000
1.80060
1.80120
1.80180
1.80240
1.80300
1.80360
1.80420
1.80480
1.80540
1.80600
1.80660
1.80720
1.80780
1.80840
1.80900
1.80960
1.81020
1.81080
1.81140
1.81200
1.81260
1.81320
1.81380
1.81440
1.81500
1.81560
1.81620
1.81680
1.81740
1.81800
1.81860
1.81920
1.81980
1.82040
1.82100
1.82160
1.82220
1.82280
1.82340
1.82400
1.82460
1.82520
1.82580
1.82640
1.82700
1.82760
1.82820
1.82880
1.82940
1.83000
1.83060
1.83120
1.83180
1.83240
1.83300
1.83360
1.83420
1.83480
1.83540
1.83600
1.83660
1.83720
1.83780
1.83840
1.83900
1.83960
1.84020
1.84080
1.84140
1.84200
1.84260
1.84320
1.84380
1.84440
1.84500
1.84560
1.84620
1.84680
1.84740
1.84800
1.84860
1.84920
1.84980
1.85040
1.85100
1.85160
1.85220
1.85280
1.85340
1.85400
1.85460
1.85520
1.85580
1.85640
1.85700
1.85760
1.85820
1.85880
1.85940
1.86000
1.86060
1.86120
1.86180
1.86240
1.86300
1.86360
1.86420
1.86480
1.86540
1.86600
1.86660
1.86720
1.86780
1.86840
1.86900
1.86960
1.87020
1.87080
1.87140
1.87200
1.87260
1.87320
1.87380
1.87440
1.87500
1.87560
1.87620
1.87680
1.87740
1.87800
1.87860
1.87920
1.87980
1.88040
1.88100
1.88160
1.88220
1.88280
1.88340
1.88400
1.88460
1.88520
1.88580
1.88640
1.88700
1.88760
1.88820
1.88880
1.88940
1.89000
1.89060
1.89120
1.89180
1.89240
1.89300
1.89360
1.89420
1.89480
1.89540
1.89600
1.89660
1.89720
1.89780
1.89840
1.89900
1.89960
1.90020
1.90080
1.90140
1.90200
1.90260
1.90320
1.90380
1.90440
1.90500
1.90560
1.90620
1.90680
1.90740
1.90800
1.90860
1.90920
1.90980
1.91040
1.91100
1.91160
1.91220
1.91280
1.91340
1.91400
1.91460
1.91520
1.91580
1.91640
1.91700
1.91760
1.91820
1.91880
1.91940
1.92000
1.92060
1.92120
1.92180
1.92240
1.92300
1.92360
1.92420
1.92480
1.92540
1.92600
1.92660
1.92720
1.92780
1.92840
1.92900
1.92960
1.93020
1.93080
1.93140
1.93200
1.93260
1.93320
1.93380
1.93440
1.93500
1.93560
1.93620
1.93680
1.93740
1.93800
1.93860
1.93920
1.93980
1.94040
1.94100
1.94160
1.94220
1.94280
1.94340
1.94400
1.94460
1.94520
1.94580
1.94640
1.94700
1.94760
1.94820
1.94880
1.94940
1.95000
1.95060
1.95120
1.95180
1.95240
1.95300
1.95360
1.95420
1.95480
1.95540
1.95600
1.95660
1.95720
1.95780
1.95840
1.95900
1.95960
1.96020
1.96080
1.96140
1.96200
1.96260
1.96320
1.96380
1.96440
1.96500
1.96560
1.96620
1.96680
1.96740
1.96800
1.96860
1.96920
1.96980
1.97040
1.97100
1.97160
1.97220
1.97280
1.97340
1.97400
1.97460
1.97520
1.97580
1.97640
1.97700
1.97760
1.97820
1.97880
1.97940
1.98000
1.98060
1.98120
1.98180
1.98240
1.98300
1.98360
1.98420
1.98480
1.98540
1.98600
1.98660
1.98720
1.98780
1.98840
1.98900
1.98960
1.99020
1.99080
1.99140
1.99200
1.99260
1.99320
1.99380
1.99440
1.99500
1.99560
1.99620
1.99680
1.99740
1.99800
1.99860
1.99920
1.99980
2.00040
2.00100
2.00160
2.00220
2.00280
2.00340
2.00400
2.00460
2.00520
2.00580
2.00640
2.00700
2.00760
2.00820
2.00880
2.00940
2.01000
2.01060
2.01120
2.01180
2.01240
2.01300
2.01360
2.01420
2.01480
2.01540
2.01600
2.01660
2.01720
2.01780
2.01840
2.01900
2.01960
2.02020
2.02080
2.02140
2.02200
2.02260
2.02320
2.02380
2.02440
2.02500
2.02560
2.02620
2.02680
2.02740
2.02800
2.02860
2.02920
2.02980
2.03040
2.03100
2.03160
2.03220
2.03280
2.03340
2.03400
2.03460
2.03520
2.03580
2.03640
2.03700
2.03760
2.03820
2.03880
2.03940
2.04000
2.04060
2.04120
2.04180
2.04240
2.04300
2.04360
2.04420
2.04480
2.04540
2.04600
2.04660
2.04720
2.04780
2.04840
2.04900
2.04960
2.05020
2.05080
2.05140
2.05200
2.05260
2.05320
2.05380
2.05440
2.05500
2.05560
2.05620
2.05680
2.05740
2.05800
2.05860
2.05920
2.05980
2.06040
2.06100
2.06160
2.06220
2.06280
2.06340
2.06400
2.06460
2.06520
2.06580
2.06640
2.06700
2.06760
2.06820
2.06880
2.06940
2.07000
2.07060
2.07120
2.07180
2.07240
2.07300
2.07360
2.07420
2.07480
2.07540
2.07600
2.07660
2.07720
2.07780
2.07840
2.07900
2.07960
2.08020
2.08080
2.08140
2.08200
2.08260
2.08320
2.08380
2.08440
2.08500
2.08560
2.08620
2.08680
2.08740
2.08800
2.08860
2.08920
2.08980
2.09040
2.09100
2.09160
2.09220
2.09280
2.09340
2.09400
2.09460
2.09520
2.09580
2.09640
2.09700
2.09760
2.09820
2.09880
2.09940
2.10000
2.10060
2.10120
2.10180
2.10240
2.10300
2.10360
2.10420
2.10480
2.10540
2.10600
2.10660
2.10720
2.10780
2.10840
2.10900
2.10960
2.11020
2.11080
2.11140
2.11200
2.11260
2.11320
2.11380
2.11440
2.11500
2.11560
2.11620
2.11680
2.11740
2.11800
2.11860
2.11920
2.11980
2.12040
2.12100
2.12160
2.12220
2.12280
2.12340
2.12400
2.12460
2.12520
2.12580
2.12640
2.12700
2.12760
2.12820
2.12880
2.12940
2.13000
2.13060
2.13120
2.13180
2.13240
2.13300
2.13360
2.13420
2.13480
2.13540
2.13600
2.13660
2.13720
2.13780
2.13840
2.13900
2.13960
2.14020
2.14080
2.14140
2.14200
2.14260
2.14320
2.14380
2.14440
2.14500
2.14560
2.14620
2.14680
2.14740
2.14800
2.14860
2.14920
2.14980
2.15040
2.15100
2.15160
2.15220
2.15280
2.15340
2.15400
2.15460
2.15520
2.15580
2.15640
2.15700
2.15760
2.15820
2.15880
2.15940
2.16000
2.16060
2.16120
2.16180
2.16240
2.16300
2.16360
2.16420
2.16480
2.16540
2.16600
2.16660
2.16720
2.16780
2.16840
2.16900
2.16960
2.17020
2.17080
2.17140
2.17200
2.17260
2.17320
2.17380
2.17440
2.17500
2.17560
2.17620
2.17680
2.17740
2.17800
2.17860
2.17920
2.17980
2.18040
2.18100
2.18160
2.18220
2.18280
2.18340
2.18400
2.18460
2.18520
2.18580
2.18640
2.18700
2.18760
2.18820
2.18880
2.18940
2.19000
2.19060
2.19120
2.19180
2.19240
2.19300
2.19360
2.19420
2.19480
2.19540
2.19600
2.19660
2.19720
2.19780
2.19840
2.19900
2.19960
2.20020
2.20080
2.20140
2.20200
2.20260
2.20320
2.20380
2.20440
2.20500
2.20560
2.20620
2.20680
2.20740
2.20800
2.20860
2.20920
2.20980
2.21040
2.21100
2.21160
2.21220
2.21280
2.21340
2.21400
2.21460
2.21520
2.21580
2.21640
2.21700
2.21760
2.21820
2.21880
2.21940
2.22000
2.22060
2.22120
2.22180
2.22240
2.22300
2.22360
2.22420
2.22480
2.22540
2.22600
2.22660
2.22720
2.22780
2.22840
2.22900
2.22960
2.23020
2.23080
2.23140
2.23200
2.23260
2.23320
2.23380
2.23440
2.23500
2.23560
2.23620
2.23680
2.23740
2.23800
2.23860
2.23920
2.23980
2.24040
2.24100
2.24160
2.24220
2.24280
2.24340
2.24400
2.24460
2.24520
2.24580
2.24640
2.24700
2.24760
2.24820
2.24880
2.24940
2.25000
2.25060
2.25120
2.25180
2.25240
2.25300
2.25360
2.25420
2.25480
2.25540
2.25600
2.25660
2.25720
2.25780
2.25840
2.25900
2.25960
2.26020
2.26080
2.26140
2.26200
2.26260
2.26320
2.26380
2.26440
2.26500
2.26560
2.26620
2.26680
2.26740
2.26800
2.26860
2.26920
2.26980
2.27040
2.27100
2.27160
2.27220
2.27280
2.27340
2.27400
2.27460
2.27520
2.27580
2.27640
2.27700
2.27760
2.27820
2.27880
2.27940
2.28000
2.28060
2.28120
2.28180
2.28240
2.28300
2.28360
2.28420
2.28480
2.28540
2.28600
2.28660
2.28720
2.28780
2.28840
2.28900
2.28960
2.29020
2.29080
2.29140
2.29200
2.29260
2.29320
2.29380
2.29440
2.29500
2.29560
2.29620
2.29680
2.29740
2.29800
2.29860
2.29920
2.29980
2.30040
2.30100
2.30160
2.30220
2.30280
2.30340
2.30400
2.30460
2.30520
2.30580
2.30640
2.30700
2.30760
2.30820
2.30880
2.30940
2.31000
2.31060
2.31120
2.31180
2.31240
2.31300
2.31360
2.31420
2.31480
2.31540
2.31600
2.31660
2.31720
2.31780
2.31840
2.31900
2.31960
2.32020
2.32080
2.32140
2.32200
2.32260
2.32320
2.32380
2.32440
2.32500
2.32560
2.32620
2.32680
2.32740
2.32800
2.32860
2.32920
2.32980
2.33040
2.33100
2.33160
2.33220
2.33280
2.33340
2.33400
2.33460
2.33520
2.33580
2.33640
2.33700
2.33760
2.33820
2.33880
2.33940
2.34000
2.34060
2.34120
2.34180
2.34240
2.34300
2.34360
2.34420
2.34480
2.34540
2.34600
2.34660
2.34720
2.34780
2.34840
2.34900
2.34960
2.35020
2.35080
2.35140
2.35200
2.35260
2.35320
2.35380
2.35440
2.35500
2.35560
2.35620
2.35680
2.35740
2.35800
2.35860
2.35920
2.35980
2.36040
2.36100
2.36160
2.36220
2.36280
2.36340
2.36400
2.36460
2.36520
2.36580
2.36640
2.36700
2.36760
2.36820
2.36880
2.36940
2.37000
2.37060
2.37120
2.37180
2.37240
2.37300
2.37360
2.37420
2.37480
2.37540
2.37600
2.37660
2.37720
2.37780
2.37840
2.37900
2.37960
2.38020
2.38080
2.38140
2.38200
2.38260
2.38320
2.38380
2.38440
2.38500
2.38560
2.38620
2.38680
2.38740
2.38800
2.38860
2.38920
2.38980
2.39040
2.39100
2.39160
2.39220
2.39280
2.39340
2.39400
2.39460
2.39520
2.39580
2.39640
2.39700
2.39760
2.39820
2.39880
2.39940
2.40000
2.40060
2.40120
2.40180
2.40240
2.40300
2.40360
2.40420
2.40480
2.40540
2.40600
2.40660
2.40720
2.40780
2.40840
2.40900
2.40960
2.41020
2.41080
2.41140
2.41200
2.41260
2.41320
2.41380
2.41440
2.41500
2.41560
2.41620
2.41680
2.41740
2.41800
2.41860
2.41920
2.41980
2.42040
2.42100
2.42160
2.42220
2.42280
2.42340
2.42400
2.42460
2.42520
2.42580
2.42640
2.42700
2.42760
2.42820
2.42880
2.42940
2.43000
2.43060
2.43120
2.43180
2.43240
2.43300
2.43360
2.43420
2.43480
2.43540
2.43600
2.43660
2.43720
2.43780
2.43840
2.43900
2.43960
2.44020
2.44080
2.44140
2.44200
2.44260
2.44320
2.44380
2.44440
2.44500
2.44560
2.44620
2.44680
2.44740
2.44800
2.44860
2.44920
2.44980
2.45040
2.45100
2.45160
2.45220
2.45280
2.45340
2.45400
2.45460
2.45520
2.45580
2.45640
2.45700
2.45760
2.45820
2.45880
2.45940
2.46000
2.46060
2.46120
2.46180
2.46240
2.46300
2.46360
2.46420
2.46480
2.46540
2.46600
2.46660
2.46720
2.46780
2.46840
2.46900
2.46960
2.47020
2.47080
2.47140
2.47200
2.47260
2.47320
2.47380
2.47440
2.47500
2.47560
2.47620
2.47680
2.47740
2.47800
2.47860
2.47920
2.47980
2.48040
2.48100
2.48160
2.48220
2.48280
2.48340
2.48400
2.48460
2.48520
2.48580
2.48640
2.48700
2.48760
2.48820
2.48880
2.48940
2.49000
2.49060
2.49120
2.49180
2.49240
2.49300
2.49360
2.49420
2.49480
2.49540
2.49600
2.49660
2.49720
2.49780
2.49840
2.49900
2.49960
2.50020
2.50080
2.50140
2.50200
2.50260
2.50320
2.50380
2.50440
2.50500
2.50560
2.50620
2.50680
2.50740
2.50800
2.50860
2.50920
2.50980
2.51040
2.51100
2.51160
2.51220
2.51280
2.51340
2.51400
2.51460
2.51520
2.51580
2.51640
2.51700
2.51760
2.51820
2.51880
2.51940
2.52000
2.52060
2.52120
2.52180
2.52240
2.52300
2.52360
2.52420
2.52480
2.52540
2.52600
2.52660
2.52720
2.52780
2.52840
2.52900
2.52960
2.53020
2.53080
2.53140
2.53200
2.53260
2.53320
2.53380
2.53440
2.53500
2.53560
2.53620
2.53680
2.53740
2.53800
2.53860
2.53920
2.53980
2.54040
2.54100
2.54160
2.54220
2.54280
2.54340
2.54400
2.54460
2.54520
2.54580
2.54640
2.54700
2.54760
2.54820
2.54880
2.54940
2.55000
2.55060
2.55120
2.55180
2.55240
2.55300
2.55360
2.55420
2.55480
2.55540
2.55600
2.55660
2.55720
2.55780
2.55840
2.55900
2.55960
2.56020
2.56080
2.56140
2.56200
2.56260
2.56320
2.56380
2.56440
2.56500
2.56560
2.56620
2.56680
2.56740
2.56800
2.56860
2.56920
2.56980
2.57040
2.57100
2.57160
2.57220
2.57280
2.57340
2.57400
2.57460
2.57520
2.57580
2.57640
2.57700
2.57760
2.57820
2.57880
2.57940
2.58000
2.58060
2.58120
2.58180
2.58240
2.58300
2.58360
2.58420
2.58480
2.58540
2.58600
2.58660
2.58720
2.58780
2.58840
2.58900
2.58960
2.59020
2.59080
2.59140
2.59200
2.59260
2.59320
2.59380
2.59440
2.59500
2.59560
2.59620
2.59680
2.59740
2.59800
2.59860
2.59920
2.59980
2.60040
2.60100
2.60160
2.60220
2.60280
2.60340
2.60400
2.60460
2.60520
2.60580
2.60640
2.60700
2.60760
2.60820
2.60880
2.60940
2.61000
2.61060
2.61120
2.61180
2.61240
2.61300
2.61360
2.61420
2.61480
2.61540
2.61600
2.61660
2.61720
2.61780
2.61840
2.61900
2.61960
2.62020
2.62080
2.62140
2.62200
2.62260
2.62320
2.62380
2.62440
2.62500
2.62560
2.62620
2.62680
2.62740
2.62800
2.62860
2.62920
2.62980
2.63040
2.63100
2.63160
2.63220
2.63280
2.63340
2.63400
2.63460
2.63520
2.63580
2.63640
2.63700
2.63760
2.63820
2.63880
2.63940
2.64000
2.64060
2.64120
2.64180
2.64240
2.64300
2.64360
2.64420
2.64480
2.64540
2.64600
2.64660
2.64720
2.64780
2.64840
2.64900
2.64960
2.65020
2.65080
2.65140
2.65200
2.65260
2.65320
2.65380
2.65440
2.65500
2.65560
2.65620
2.65680
2.65740
2.65800
2.65860
2.65920
2.65980
2.66040
2.66100
2.66160
2.66220
2.66280
2.66340
2.66400
2.66460
2.66520
2.66580
2.66640
2.66700
2.66760
2.66820
2.66880
2.66940
2.67000
2.67060
2.67120
2.67180
2.67240
2.67300
2.67360
2.67420
2.67480
2.67540
2.67600
2.67660
2.67720
2.67780
2.67840
2.67900
2.67960
2.68020
2.68080
2.68140
2.68200
2.68260
2.68320
2.68380
2.68440
2.68500
2.68560
2.68620
2.68680
2.68740
2.68800
2.68860
2.68920
2.68980
2.69040
2.69100
2.69160
2.69220
2.69280
2.69340
2.69400
2.69460
2.69520
2.69580
2.69640
2.69700
2.69760
2.69820
2.69880
2.69940
2.70000
2.70060
2.70120
2.70180
2.70240
2.70300
2.70360
2.70420
2.70480
2.70540
2.70600
2.70660
2.70720
2.70780
2.70840
2.70900
2.70960
2.71020
2.71080
2.71140
2.71200
2.71260
2.71320
2.71380
2.71440
2.71500
2.71560
2.71620
2.71680
2.71740
2.71800
2.71860
2.71920
2.71980
2.72040
2.72100
2.72160
2.72220
2.72280
2.72340
2.72400
2.72460
2.72520
2.72580
2.72640
2.72700
2.72760
2.72820
2.72880
2.72940
2.73000
2.73060
2.73120
2.73180
2.73240
2.73300
2.73360
2.73420
2.73480
2.73540
2.73600
2.73660
2.73720
2.73780
2.73840
2.73900
2.73960
2.74020
2.74080
2.74140
2.74200
2.74260
2.74320
2.74380
2.74440
2.74500
2.74560
2.74620
2.74680
2.74740
2.74800
2.74860
2.74920
2.74980
2.75040
2.75100
2.75160
2.75220
2.75280
2.75340
2.75400
2.75460
2.75520
2.75580
2.75640
2.75700
2.75760
2.75820
2.75880
2.75940
2.76000
2.76060
2.76120
2.76180
2.76240
2.76300
2.76360
2.76420
2.76480
2.76540
2.76600
2.76660
2.76720
2.76780
2.76840
2.76900
2.76960
2.77020
2.77080
2.77140
2.77200
2.77260
2.77320
2.77380
2.77440
2.77500
2.77560
2.77620
2.77680
2.77740
2.77800
2.77860
2.77920
2.77980
2.78040
2.78100
2.78160
2.78220
2.78280
2.78340
2.78400
2.78460
2.78520
2.78580
2.78640
2.78700
2.78760
2.78820
2.78880
2.78940
2.79000
2.79060
2.79120
2.79180
2.79240
2.79300
2.79360
2.79420
2.79480
2.79540
2.79600
2.79660
2.79720
2.79780
2.79840
2.79900
2.79960
2.80020
2.80080
2.80140
2.80200
2.80260
2.80320
2.80380
2.80440
2.80500
2.80560
2.80620
2.80680
2.80740
2.80800
2.80860
2.80920
2.80980
2.81040
2.81100
2.81160
2.81220
2.81280
2.81340
2.81400
2.81460
2.81520
2.81580
2.81640
2.81700
2.81760
2.81820
2.81880
2.81940
2.82000
2.82060
2.82120
2.82180
2.82240
2.82300
2.82360
2.82420
2.82480
2.82540
2.82600
2.82660
2.82720
2.82780
2.82840
2.82900
2.82960
2.83020
2.83080
2.83140
2.83200
2.83260
2.83320
2.83380
2.83440
2.83500
2.83560
2.83620
2.83680
2.83740
2.83800
2.83860
2.83920
2.83980
2.84040
2.84100
2.84160
2.84220
2.84280
2.84340
2.84400
2.84460
2.84520
2.84580
2.84640
2.84700
2.84760
2.84820
2.84880
2.84940
2.85000
2.85060
2.85120
2.85180
2.85240
2.85300
2.85360
2.85420
2.85480
2.85540
2.85600
2.85660
2.85720
2.85780
2.85840
2.85900
2.85960
2.86020
2.86080
2.86140
2.86200
2.86260
2.86320
2.86380
2.86440
2.86500
2.86560
2.86620
2.86680
2.86740
2.86800
2.86860
2.86920
2.86980
2.87040
2.87100
2.87160
2.87220
2.87280
2.87340
2.87400
2.87460
2.87520
2.87580
2.87640
2.87700
2.87760
2.87820
2.87880
2.87940
2.88000
2.88060
2.88120
2.88180
2.88240
2.88300
2.88360
2.88420
2.88480
2.88540
2.88600
2.88660
2.88720
2.88780
2.88840
2.88900
2.88960
2.89020
2.89080
2.89140
2.89200
2.89260
2.89320
2.89380
2.89440
2.89500
2.89560
2.89620
2.89680
2.89740
2.89800
2.89860
2.89920
2.89980
2.90040
2.90100
2.90160
2.90220
2.90280
2.90340
2.90400
2.90460
2.90520
2.90580
2.90640
2.90700
2.90760
2.90820
2.90880
2.90940
2.91000
2.91060
2.91120
2.91180
2.91240
2.91300
2.91360
2.91420
2.91480
2.91540
2.91600
2.91660
2.91720
2.91780
2.91840
2.91900
2.91960
2.92020
2.92080
2.92140
2.92200
2.92260
2.92320
2.92380
2.92440
2.92500
2.92560
2.92620
2.92680
2.92740
2.92800
2.92860
2.92920
2.92980
2.93040
2.93100
2.93160
2.93220
2.93280
2.93340
2.93400
2.93460
2.93520
2.93580
2.93640
2.93700
2.93760
2.93820
2.93880
2.93940
2.94000
2.94060
2.94120
2.94180
2.94240
2.94300
2.94360
2.94420
2.94480
2.94540
2.94600
2.94660
2.94720
2.94780
2.94840
2.94900
2.94960
2.95020
2.95080
2.95140
2.95200
2.95260
2.95320
2.95380
2.95440
2.95500
2.95560
2.95620
2.95680
2.95740
2.95800
2.95860
2.95920
2.95980
2.96040
2.96100
2.96160
2.96220
2.96280
2.96340
2.96400
2.96460
2.96520
2.96580
2.96640
2.96700
2.96760
2.96820
2.96880
2.96940
2.97000
2.97060
2.97120
2.97180
2.97240
2.97300
2.97360
2.97420
2.97480
2.97540
2.97600
2.97660
2.97720
2.97780
2.97840
2.97900
2.97960
2.98020
2.98080
2.98140
2.98200
2.98260
2.98320
2.98380
2.98440
2.98500
2.98560
2.98620
2.98680
2.98740
2.98800
2.98860
2.98920
2.98980
2.99040
2.99100
2.99160
2.99220
2.99280
2.99340
2.99400
2.99460
2.99520
2.99580
2.99640
2.99700
2.99760
2.99820
2.99880
2.99940
3.00000
