3.240000
3.200000
3.200000
3.150000
3.192000
3.180000
3.142857
3.145000
3.173333
3.168000
3.174546
3.176667
3.184615
3.165714
3.168000
3.162500
3.162353
3.151111
3.145263
3.150000
3.148571
3.150909
3.139130
3.135000
3.139200
3.132308
3.131852
3.118572
3.126897
3.126667
3.122581
3.121250
3.112727
3.117647
3.125714
3.128889
3.132973
3.135789
3.138462
3.144000
3.145366
3.146667
3.149767
3.153636
3.147556
3.151304
3.153192
3.160833
3.161633
3.161600
3.159216
3.156923
3.157736
3.165185
3.163636
3.161429
3.157895
3.160000
3.162034
3.166000
3.171803
3.171613
3.170159
3.170000
3.170462
3.173939
3.176716
3.174706
3.176232
3.171429
3.171268
3.175555
3.175890
3.177838
3.179200
3.180526
3.180260
3.178974
3.178228
3.176000
3.178272
3.178537
3.182169
3.180952
3.178823
3.182326
3.183908
3.182727
3.182472
3.182667
3.183736
3.184348
3.184946
3.182979
3.181895
3.182500
3.180619
3.179184
3.177374
3.178800
3.174654
3.176078
3.175922
3.176538
3.179048
3.175472
3.175327
3.174074
3.173945
3.171273
3.172252
3.170714
3.168849
3.169123
3.170087
3.167931
3.168205
3.167119
3.166723
3.167333
3.167603
3.170164
3.170407
3.170645
3.168640
3.169524
3.167559
3.165625
3.165581
3.165231
3.167023
3.166061
3.166316
3.166269
3.166222
3.167059
3.164963
3.166667
3.167770
3.166571
3.165674
3.165071
3.165874
3.166389
3.166621
3.167397
3.167619
3.167838
3.167785
3.167467
3.166622
3.167632
3.168366
3.167792
3.167226
3.167180
3.166879
3.166076
3.166038
3.164250
3.163727
3.162469
3.161718
3.160244
3.160727
3.160964
3.161916
3.161905
3.161183
3.161647
3.160936
3.160930
3.160694
3.161150
3.160914
3.160909
3.160452
3.159775
3.161341
3.162000
3.160884
3.161538
3.163934
3.164130
3.163892
3.163226
3.162567
3.163192
3.162751
3.161684
3.161466
3.160625
3.161451
3.160619
3.160000
3.161021
3.161015
3.160000
3.160201
3.159400
3.160199
3.159802
3.159409
3.159020
3.158244
3.156893
3.157488
3.157885
3.158086
3.159810
3.159431
3.160377
3.159061
3.158505
3.159256
3.159630
3.159447
3.157248
3.157443
3.157454
3.157285
3.157477
3.158744
3.158214
3.158222
3.158584
3.159471
3.160000
3.160000
3.161217
3.160866
3.161207
3.160687
3.159829
3.159660
3.159661
3.160506
3.160000
3.160167
3.159500
3.159834
3.158678
3.159012
3.160000
3.160163
3.159512
3.158381
3.158387
3.157912
3.157440
3.158247
3.158730
3.157945
3.157953
3.158274
3.158906
3.159222
3.158295
3.157529
3.157231
3.157701
3.157863
3.157567
3.157273
3.157887
3.158496
3.158652
3.158358
3.158364
3.158074
3.157786
3.158382
3.158388
3.158248
3.157382
3.157246
3.157978
3.157410
3.157563
3.157714
3.157722
3.158581
3.159011
3.160000
3.160561
3.160280
3.160000
3.159583
3.159446
3.158345
3.157388
3.157260
3.157133
3.157007
3.157017
3.157432
3.157576
3.158658
3.159197
3.159600
3.160000
3.159868
3.158944
3.158158
3.157902
3.156209
3.156352
3.156493
3.155987
3.156129
3.155756
3.156282
3.155655
3.155414
3.155683
3.155696
3.155331
3.155346
3.154483
3.153875
3.154392
3.154534
3.154799
3.155185
3.155200
3.154356
3.154251
3.154024
3.153556
3.154061
3.153837
3.153735
3.153273
3.153174
3.152955
3.153214
3.152997
3.152781
3.152566
3.152118
3.152258
3.152164
3.152070
3.151744
3.151768
3.151330
3.151124
3.151609
3.151519
3.151543
3.152365
3.152727
3.153314
3.154237
3.154028
3.154944
3.155070
3.154972
3.154652
3.154444
3.154017
3.154144
3.153719
3.153626
3.153754
3.154208
3.154550
3.155217
3.155772
3.155784
3.155687
3.155269
3.155282
3.155722
3.155093
3.155638
3.156286
3.156085
3.155567
3.154842
3.155171
3.154974
3.155823
3.155417
3.154182
3.154093
3.153695
3.153814
3.154345
3.154462
3.154271
3.154184
3.153690
3.153502
3.153620
3.153737
3.153552
3.153065
3.152882
3.153100
3.153915
3.154328
3.154243
3.153861
3.153580
3.153892
3.153415
3.152941
3.152469
3.152683
3.152214
3.152524
3.152542
3.152464
3.152000
3.152211
3.152326
3.151483
3.151695
3.151809
3.151924
3.152417
3.152246
3.152170
3.152471
3.152864
3.152881
3.153551
3.153753
3.154047
3.154432
3.154074
3.153441
3.153548
3.153287
3.153028
3.152311
3.152146
3.151982
3.151182
3.151655
3.151493
3.150880
3.150811
3.150202
3.150852
3.151588
3.151518
3.151626
3.150933
3.151131
3.151239
3.151435
3.151894
3.152000
3.151403
3.151422
3.150917
3.151024
3.151043
3.151237
3.151602
3.151706
3.151810
3.152258
3.152618
3.152719
3.152479
3.152665
3.152426
3.152102
3.152034
3.151712
3.151730
3.151495
3.151933
3.152956
3.153473
3.153236
3.152917
3.152848
3.152614
3.152795
3.153141
3.153320
3.153909
3.153840
3.152869
3.152474
3.152082
3.151853
3.152033
3.152617
3.153117
3.153535
3.153064
3.153561
3.153735
3.153427
3.152800
3.152495
3.152191
3.152445
3.152540
3.152158
3.152174
3.152032
3.152047
3.151670
3.152000
3.152251
3.152109
3.152437
3.151751
3.151379
3.151395
3.151567
3.151042
3.150751
3.150769
3.150557
3.151111
3.151664
3.152290
3.152305
3.152243
3.152182
3.151894
3.151456
3.151094
3.150508
3.150301
3.150169
3.151161
3.151327
3.151716
3.152030
3.152268
3.151392
3.151259
3.151054
3.151218
3.150792
3.151029
3.150826
3.150256
3.150055
3.150073
3.149727
3.149818
3.149764
3.149710
3.150018
3.149964
3.149910
3.149856
3.149802
3.148961
3.148837
3.148357
3.148093
3.148043
3.148064
3.148085
3.147965
3.147845
3.148077
3.148169
3.148119
3.148421
3.148371
3.147622
3.147295
3.146899
3.146504
3.146181
3.145927
3.146090
3.146321
3.146897
3.147194
3.147354
3.147376
3.147466
3.148034
3.148191
3.147939
3.148231
3.148251
3.148542
3.148765
3.148649
3.148870
3.148619
3.148370
3.148725
3.148677
3.149231
3.149182
3.148933
3.149018
3.149302
3.149254
3.149007
3.148760
3.148251
3.148072
3.148026
3.148637
3.148525
3.148151
3.148366
3.148385
3.148534
3.148553
3.148636
3.148590
3.148479
3.148756
3.148839
3.148341
3.147910
3.147994
3.148205
3.148416
3.148498
3.148325
3.148599
3.148362
3.148318
3.148146
3.148355
3.148310
3.148328
3.148913
3.148994
3.149074
3.148777
3.149171
3.149250
3.149392
3.149408
3.149176
3.149627
3.150140
3.150093
3.150356
3.150309
3.149892
3.149539
3.149739
3.150061
3.149954
3.149969
3.149863
3.149878
3.150137
3.150213
3.150349
3.150545
3.150681
3.151057
3.150649
3.150723
3.150436
3.150210
3.150465
3.150239
3.150733
3.150627
3.150641
3.150833
3.150728
3.150445
3.150518
3.150710
3.150960
3.150325
3.150398
3.150588
3.150778
3.150675
3.150571
3.150526
3.150657
3.150729
3.150218
3.150174
3.150305
3.150319
3.150680
3.150347
3.150187
3.150144
3.149928
3.149943
3.149899
3.149570
3.149986
3.150229
3.149957
3.150142
3.149929
3.149943
3.150241
3.150651
3.150891
3.151299
3.151425
3.151380
3.151336
3.151461
3.151417
3.151093
3.151217
3.150838
3.150516
3.150418
3.150097
3.150500
3.150569
3.150582
3.150263
3.150221
3.150510
3.150138
3.150646
3.150769
3.150782
3.150575
3.150643
3.150547
3.150614
3.150518
3.150694
3.150652
3.150502
3.150677
3.150636
3.150432
3.150607
3.150404
3.150471
3.150323
3.150711
3.150563
3.150415
3.150695
3.150921
3.150880
3.150573
3.150851
3.150916
3.150981
3.150676
3.150899
3.150859
3.150712
3.150883
3.150579
3.150434
3.150604
3.150826
3.150524
3.150275
3.150339
3.150039
3.150365
3.150065
3.150182
3.150246
3.149845
3.149547
3.149251
3.149161
3.149330
3.148932
3.149306
3.149474
3.149744
3.149296
3.149309
3.149017
3.148929
3.149045
3.149008
3.148869
3.148629
3.148542
3.148607
3.148723
3.148131
3.148247
3.148061
3.148176
3.148342
3.148306
3.148221
3.148285
3.148300
3.147915
3.147930
3.147846
3.147861
3.148273
3.148089
3.147906
3.147723
3.147936
3.148000
3.148064
3.148030
3.148192
3.148206
3.148025
3.148088
3.148396
3.148460
3.148376
3.148390
3.148404
3.148224
3.148141
3.148350
3.148315
3.148087
3.148150
3.147923
3.147793
3.147807
3.147822
3.147740
3.147563
3.147434
3.147497
3.147655
3.147575
3.147589
3.147223
3.147238
3.147253
3.147268
3.147284
3.147299
3.147219
3.147470
3.147438
3.147311
3.147043
3.147106
3.147309
3.147371
3.147245
3.147541
3.147135
3.146963
3.147071
3.147273
3.147520
3.147535
3.147689
3.147889
3.147903
3.147963
3.147746
3.147206
3.147082
3.146912
3.146743
3.146575
3.146590
3.146605
3.146667
3.146590
3.146423
3.146484
3.146864
3.147016
3.146940
3.146773
3.146788
3.146803
3.146727
3.146697
3.146667
3.146546
3.146922
3.146171
3.146187
3.146247
3.146218
3.146278
3.146204
3.146219
3.146324
3.146295
3.146444
3.146236
3.146118
3.146178
3.146193
3.146475
3.146844
3.146858
3.146652
3.146667
3.146946
3.147048
3.147459
3.147385
3.147267
3.147456
3.147338
3.147309
3.147191
3.147118
3.147088
3.147277
3.146855
3.146522
3.146754
3.146464
3.146782
3.146796
3.146854
3.147084
3.147228
3.147285
3.147212
3.147226
3.147025
3.146652
3.146624
3.146510
3.146695
3.146068
3.145827
3.145927
3.145687
3.145702
3.145802
3.145945
3.145875
3.145890
3.145947
3.146131
3.146146
3.145907
3.145964
3.146063
3.146246
3.146387
3.146359
3.146247
3.146346
3.146109
3.146081
3.146138
3.145818
3.145792
3.145931
3.145946
3.145877
3.145934
3.145948
3.145507
3.145646
3.145826
3.145635
3.145526
3.145417
3.145226
3.145118
3.144846
3.144779
3.145082
3.145056
3.144826
3.144719
3.144857
3.144873
3.144807
3.144700
3.144593
3.144528
3.144503
3.144681
3.144980
3.144954
3.145051
3.145066
3.145161
3.145257
3.145392
3.145568
3.145703
3.145677
3.145852
3.145545
